-2156
-2196
-4829
1
-1506
-4484
215
-203
-2337
-743
465
-4150
-4051
-2225
-1849
-2904
-4009
-685
-4857
-2990
-399
-128
-1491
-1607
-2470
3
-374
-1820
299
-4451
-4225
-1329
-2031
-4171
-168
-4627
163
-943
-2152
-1367
-482
-4117
-1887
-3034
-1292
-927
-4982
-3897
-88
-1187
-1212
-4684
-1605
-3275
-1006
-1314
-3581
-1987
-2690
-4871
-4275
32
-960
-4569
-4278
344
-4653
-2336
241
-4104
-483
419
-2814
-4132
195
-1441
-3268
-1341
225
-2381
-2818
-2041
-387
17
-4211
-164
15
180
422
-4524
-1706
-304
-2805
-2465
-1443
-4318
-2549
-990
-4639
-1601
-3790
-4111
-4812
-3181
-3511
-2385
-864
-2143
-2896
-1793
-2304
-895
-533
-1890
-4955
-4414
-1220
-1124
-1217
-3320
-4236
-2728
-797
-3491
-4997
-808
-1597
-4479
-3373
-4666
-2013
-4341
-2621
-1114
-2812
-31
-3054
475
-1842
-2317
-198
-4325
-188
-2887
-2429
-4261
-320
456
-2682
-2600
-2252
-465
-376
-238
-4174
-3066
-3229
-3506
-115
-1168
-3143
-2936
-3357
-3849
-2743
-160
237
-156
-2531
-3631
-4649
-439
-4534
-4934
-4023
-1510
-1576
-616
-1198
-2349
-2864
-3612
-1529
-1313
-3387
-4329
-1828
78
-2575
-2098
-1477
-7
-1387
466
-1918
-3078
-62
-1979
-689
-565
-2721
-3446
-4473
-2488
-1461
-4065
286
10
-2624
475
-4376
-4744
313
-2873
449
-1025
-4242
-150
-4967
-44
315
216
464
-2390
-1889
262
-2589
-2232
-2504
-4301
-1905
-3344
-2761
-4273
-2515
209
-3280
-2765
-2144
-1067
-1140
-3572
-856
-1560
-4147
-3014
459
-815
-1602
-2126
-1046
-1279
-940
-2825
-1196
-1893
-1076
-4449
-1950
-3984
-4792
-3700
-727
494
-4074
-3272
-1642
-1686
-3640
-2161
-484
-2985
-3770
-1990
-4697
-2514
-518
-1974
-4071
-2529
-3216
-892
-1170
393
-1651
-2120
-4662
-3347
-2311
-744
-3275
-2352
-2257
-1838
-4226
-3435
-3931
-2651
-1285
-4297
-227
-465
411
196
118
-917
486
346
-61
-1340
-1448
-3888
-1040
-4737
-4913
-609
-3867
-1387
-4865
-2475
-4649
-2890
87
-746
-3660
-4558
-1854
-3929
-1566
225
-4316
-307
-497
271
-2775
-1457
-2631
-353
-2668
-2439
-559
-427
-87
-2159
-2708
-611
-46
255
-4807
-144
66
-596
-1863
-797
90
-2363
-1481
-1793
-703
-3126
-3121
-932
-3375
-4111
-15
-2433
-3394
-4080
-1753
-1447
-2101
-3065
-576
-3562
-4729
-3
-240
-2204
-2630
-4989
-193
-299
-2859
-1826
-2654
-1466
-1479
-1023
-1260
-1237
-3735
-4651
-2085
-4593
-2021
-3341
-3107
-1752
471
-1671
-3260
-583
-2104
-4092
-2366
-520
-3490
-872
-2204
-754
-2691
-4169
208
-3212
-2546
-1744
-4490
-4889
-3418
-3657
-3907
-4912
-4405
-624
-1985
-3004
-3538
-3400
-2470
-4034
-2439
-4791
-1422
-4977
-599
363
-1609
-450
-390
-1693
-3902
-3310
-4666
309
-3036
-3931
-1256
-2986
-311
-1143
-140
-2661
-1854
28
208
394
-1011
-1058
101
-3941
-4975
-4593
-2909
-3450
121
-3727
349
-4019
-121
-1680
-4702
-4071
-537
-1525
-3020
264
-3544
-4898
-4149
-1780
-2333
-1702
-1025
-2857
-4585
-4296
-877
-4425
-3121
-4694
-2106
-1441
-950
-3627
-4442
-3096
-1822
-3335
-192
-4996
-1605
-259
-3920
-4479
-2055
-2612
-3202
-707
115
-3010
-960
-1436
213
-1796
174
-438
-1419
-1060
-2204
309
-1465
-3133
-1257
-2665
-2759
306
-598
-2771
-570
-699
-695
-3265
-1699
-4972
-2591
-1145
-1014
-11
-2556
-1798
-2931
-1352
-1987
-985
-3642
-2811
-2282
-2295
-4954
446
168
-3599
-2074
-2686
-4381
264
-3326
-963
-155
-4554
-4579
-1942
-4606
-2826
-4943
-35
-3258
-1422
-4826
-407
-2240
-3146
-1969
337
217
-2219
-1603
-258
-3653
-2648
-1691
-2991
-3010
-4407
-2777
-4904
-4940
-288
-2130
-3236
-2452
-2200
-3219
-2804
-4803
-1424
-4936
-829
-3110
-2466
-971
-2804
72
-3333
-4638
-1652
-945
-2234
-152
-944
-2428
-349
-4932
-962
-1699
-1282
-4049
32
-2960
-321
-1981
-1317
-4247
-1372
-4337
-2899
-610
-2836
-270
-2238
-477
119
-215
-4730
-795
-4442
-3378
-2520
-903
-1761
-4398
-3507
-2099
-601
-732
-847
178
-2661
-1749
-3826
355
71
-940
316
-2258
-1521
-2133
-3572
-1251
-4382
371
-4661
-161
-4212
-1125
-1546
342
-3480
-250
-2924
-2288
-1239
-1612
-536
422
-1057
-2138
-3533
-2810
-565
-970
409
-1635
-4429
-4380
-3979
-1186
-3208
-1290
-3893
-4752
-4609
-582
-4411
-3834
-972
-1503
-4899
-4006
-3675
-2981
-3190
-4139
-1332
-2164
-680
-741
-2495
-4163
-2082
-1508
-3994
-2393
-3984
-4291
-1958
99
-540
-4046
-199
203
-4051
-1581
-1772
-3257
-4963
-3044
-2932
-3887
-4772
-4711
-4418
-1180
-4384
-433
-2792
-3393
-3800
-1551
-63
-964
-4158
-1686
-3445
-1768
-109
-1491
-2166
-1411
-2497
-1822
-4674
-964
-465
-3349
-3126
-4555
-1876
-2428
-1256
42
-4346
-2079
-3550
-500
-1154
4
-4195
-2828
-4330
-146
-4697
-3943
-7
-661
-3916
-2562
-4926
-3309
-71
-438
148
-4458
-3353
-4660
-4060
-1985
-2641
-2453
-275
-483
-2514
-2129
-2867
-3798
-3701
-2894
-2625
-2306
-454
-213
-2203
-2110
-4537
-4802
-512
-3408
-2398
-2472
408
-293
-2060
-4070
266
-3297
-1513
-629
-1638
-4394
-594
-1277
-2659
-1366
-3609
-4495
-3403
465
-2850
-2541
-3503
-2242
-3900
-92
-1718
-3323
-899
-4084
-1569
-4466
-4246
-4284
-4057
308
-3649
-1071
-1915
-917
-4733
-4842
251
-1109
-1365
-3630
-2648
-439
-3519
-3344
-2500
-2071
-2570
-3436
-3363
-1242
-1081
-3436
-691
-4223
-4354
-3182
-77
-2897
-291
-2030
-4551
-4103
-4744
-2877
-3746
-2572
-2050
-1347
-3856
-1216
-3957
-862
-2365
-4768
-661
-1032
-3194
-218
-3817
-3819
-3939
-2342
-4654
-1210
-399
-2800
-3395
-1818
-2239
-4184
-120
-3962
-1034
-2651
-1044
-2404
319
-3443
-1498
-4
-889
-3355
-3295
110
-2754
-2747
-2384
-1910
-1288
166
-2852
-2296
-4268
-2104
-1691
-2833
-1959
-2022
-644
-1344
479
-1397
-4484
-788
-2831
-1676
-3593
350
-314
-1849
-3532
-1774
-702
-3388
-3673
-1479
-1801
-2148
-4840
-4256
-3713
-2110
-2053
-3552
-4456
-1313
-3469
-695
-2129
-4755
-4962
-4594
-4714
464
39
-3993
-3747
-2598
222
-305
-1526
-1043
-3050
191
-4001
-2528
-2303
1
311
-893
-1995
-1048
-3510
440
-3775
-4888
-1274
-4323
211
-3083
-815
-4947
-2022
-3441
-801
-1364
-3847
-1118
-4639
-2563
-452
-1099
-524
-233
-3298
-708
-1639
-1665
-2252
-2956
-3463
-4104
-2852
54
-2875
-2468
-1382
-555
-4080
68
-1946
42
-3700
-1714
-4368
-4650
-4111
-4324
-1237
-4945
-3901
-4145
-411
-1502
-43
-375
-4438
-110
-2267
-851
71
-4245
-1810
-4918
488
-3403
-1221
182
-638
-4257
-1357
-1704
-4563
29
-3169
-608
-2823
-1006
-3871
-553
-1164
-1033
-1566
-157
-2803
-827
-3812
-458
-3742
-2738
-4996
-3985
-2280
-3306
-3915
-4470
-3155
-2854
-2935
-24
403
-3486
-4988
-607
-1929
-4410
-3267
-4715
-4174
-3631
-1435
-73
-1671
-4377
-23
-435
-561
-3079
-4406
-3805
-2274
439
484
-4965
-134
-1261
109
-65
-1958
-177
-3053
-3032
-3970
-2510
-575
-814
-2747
-852
-1405
-1466
-2293
-2773
-706
-277
-3293
-4113
-55
-871
-3870
-4926
-1491
-1871
-3628
-2685
115
-1
-3991
-1019
-3508
-4352
-1600
-1161
-766
-4404
-606
-2358
309
-3540
-4842
-1461
-1524
-793
-4063
35
-4848
-2561
-4472
-996
-1435
-1435
-2452
-147
-4461
-3980
-2492
-4771
-1553
-486
-721
-398
-2674
-2101
-2706
-2258
293
-2561
-3601
-2946
-3643
-3880
-2097
-3814
-762
-3978
-1627
91
-1815
-1332
-3446
-274
-578
-3148
464
-1158
-747
-3023
-2742
99
-4844
-1598
-3157
-3230
-12
-2478
-3249
-4797
-4911
-4403
-406
-1480
-2913
-3868
-3549
-864
-1730
-119
-4938
-4052
-121
-1238
-525
-3493
-696
-4686
-510
-80
-4835
381
-2007
-4255
-2902
-2989
-3392
-351
98
-819
-1771
-1590
-793
-2154
-2225
-1835
-2872
-2575
-2510
-3623
-4695
-2183
-1034
-1790
-4308
-110
-3175
-4174
-1750
-4274
204
-4087
58
-978
-2970
-1160
-965
-3534
-1002
-1943
-1795
-3892
-13
-1820
-1998
-2185
-1808
-3367
-875
-4941
-2490
-2536
-899
-1313
-3175
-2098
-626
249
-1408
-4605
-3885
-3217
230
-357
-2601
-3909
-1132
-3779
-4299
-4437
-709
-3309
-3335
-4185
-1273
-1746
-3076
-784
-3922
-66
-1018
286
-2745
-2187
-4237
-3645
-1793
-4724
-4017
-2851
-1529
-757
-1312
-71
-2304
-4905
-4868
-968
-464
-4061
-4183
-2691
-2423
-190
-828
-4176
-4026
41
73
-4910
-3731
-298
-2762
-679
479
-1307
-371
-773
-2860
-366
-4460
-1024
-257
-3538
-2175
-1653
360
-955
-3020
-184
-3550
-4856
-3994
-1246
-4238
-3049
-2123
400
-4463
-3560
-2547
-801
-4231
-4639
-4238
-3519
-2412
-3197
-4363
-4614
-55
-668
-633
-967
-1865
-3035
-3220
-2041
-2795
209
447
-1677
-4932
-2031
-3402
107
-917
-2198
-238
-1657
-1074
-855
-3733
153
-4070
-600
-1637
-1983
-909
-4745
-1464
-3961
-2536
-1391
-4637
-2970
-936
-4014
-848
-2411
-4371
-2402
-3203
-949
-60
-3973
-3989
-1446
-2113
-2917
-3967
-1336
-4570
344
-58
-2156
-860
-239
-290
-1453
-943
-684
-2950
-1737
-992
-1984
-665
-1705
-1688
-1263
-4445
-2782
-2086
-2722
-1631
-4294
-134
-3295
-2673
-3948
-833
268
-4419
-3932
-3012
-4826
76
-4576
-2329
-4540
-3192
-2200
-3085
264
-2966
-2519
-2006
-48
-4944
-4584
239
-2263
-3859
-3882
-204
-4783
-2568
-2585
-763
-3452
-3856
-4457
431
-2998
-2678
-1945
-3526
-3987
-282
293
-2463
-2283
-2951
-2045
-1077
-671
-2800
-3648
-99
-3366
-3476
-3969
-1276
291
-2114
-1426
-1773
-616
-1403
-3414
-2104
-576
-3141
-1403
-2011
-2786
-369
-2172
-4561
-1087
-1533
-4871
-4126
-2172
-4049
108
-4290
-2421
-2495
-1331
-2359
-3494
-3533
-3221
-3029
202
-1853
-4572
-617
-342
-3898
-2387
-1255
-3762
-2820
-3051
-38
-2873
-2590
-4167
-1004
-4935
-1182
-2380
-1940
-2217
-2327
-4167
-4396
-1604
-1040
-2980
-2422
-3296
-3658
-2279
-4288
-2421
-383
-1508
-420
-4854
-1461
-2426
-1871
-1464
-770
-3414
-4336
-113
-875
-3613
-302
4
-1634
-3981
-169
-2610
-2558
-2666
-1106
-3661
-1475
-822
-1637
-3223
293
-2044
-419
-2904
-1384
-4064
-4234
-1872
398
-603
-549
-2539
-1215
-657
-2081
-2269
-4168
-3709
-5000
113
341
-3125
-4856
-3624
-106
-4103
-1600
-3045
-2175
-3103
-530
-3030
-4425
-2540
-4921
-1351
-3543
-3335
-2653
-4737
-2950
-4489
46
318
-1143
-609
-2540
-3491
-2574
-3073
86
-4844
-426
-3024
-3392
-2056
-1379
226
-733
-2586
-336
-1350
357
-2154
-219
-4049
-258
-3381
-3108
-107
-2639
233
252
-1104
-4887
-860
-3469
-3801
-1750
-1604
-107
-4788
-3267
-4414
-4759
-1928
-2385
-1947
-791
-4047
-3903
415
-2324
-2733
-4693
-3568
-1450
-1219
-1957
-564
-420
-2048
-1223
-2721
-2020
-3943
-2011
-30
-2526
-4872
499
-2704
-3267
-4207
-846
-1452
-2614
205
-589
-733
-4368
-4117
-4550
-1561
-1376
-1219
85
-1414
-2488
-3701
-4182
-582
-4531
-1202
-138
-255
-1423
-2205
-3297
-3008
-4817
-736
-1481
-2902
264
-1696
-688
-1764
-3629
31
-3034
-3671
-4380
-4390
-3663
-4352
-3072
-4094
-4662
-3009
-968
-4778
-4212
-122
-2444
-3149
-3612
-2283
134
-239
467
-731
-2862
-2367
-3026
483
-4223
-3738
-1330
-980
-3247
-26
-1911
-1353
-4268
-2972
-2254
-1307
-4680
-3589
78
134
-4062
-4765
-1780
-1776
-2856
-650
-4487
-4959
-2885
-984
-4968
-3761
-4081
-383
-4921
-1398
-4996
-1150
-4734
-2375
-4977
-2225
-4539
-2895
-904
-4247
-1906
-6
-3402
-2405
-4921
-3328
-109
-4894
-1235
-2834
-1095
-2730
-4152
-482
-705
-4467
-3681
-4389
-1223
-45
-3796
-3092
438
-127
-4546
-122
145
-1543
-2376
-4480
-2566
-3186
-2871
-2223
-168
-2919
-3335
103
-3672
-4825
386
-2773
-4731
288
-4093
-3477
-3197
-1509
-2684
-697
-2756
-808
-3422
-391
-1527
-2015
-3222
-2393
-917
-2808
-4656
-422
-468
128
-4330
-416
-3884
-4661
-4348
-1721
-4649
-3266
-2111
-4064
-1122
-1436
25
-2834
-1529
-4586
-1132
-4952
-1184
-3155
-3936
-4125
-2583
-4744
-2237
-4844
-3093
-2583
-1645
-1419
-2324
305
67
-2039
-4884
343
-740
-4160
-2490
-4702
-3416
-4029
-1050
-856
132
-68
-633
-146
-3414
-3469
-384
-2577
-3984
-3072
-791
-3394
-2708
-1073
-2411
-2901
-885
-2670
-3436
-3768
-1318
-1842
-2642
-3728
-3393
-4099
-4452
-1139
-2005
406
-749
-4235
-3970
-3813
-2640
-1575
77
-3570
-2474
-1550
-1951
-2622
-2796
-4015
-4888
-3826
-1640
252
-2998
348
-3706
-533
-1347
-2611
-3368
-3790
-3440
-1967
-2252
-4320
-2918
-983
-2284
-3890
-771
-3516
-1058
-2164
-4276
-4880
-1790
-1800
-4371
-138
-2567
-929
-591
-4864
-363
-1713
-1359
-3776
-4536
-4011
-272
-3440
-969
-4330
-1549
-2946
-4133
-1390
-3204
-694
-3336
-1414
-3948
-562
-2731
-3592
352
438
-3700
-4976
-3264
-2
142
-2374
-1948
-3115
-2472
-3475
-4889
464
-1693
-968
-2491
-3758
-4706
-2035
-2456
-1421
-2311
-4272
-826
-3493
-3314
-2383
-3769
-2449
-597
-2387
-770
-3450
-1240
-1629
-3079
-3732
-4045
-525
-1338
-2260
-2253
-1071
487
-1922
-874
-2082
-1401
-4711
367
-4998
-1685
-3033
-4328
-2198
-2700
-4790
-1205
-566
-1702
-3797
-1622
-2095
-3264
391
-4818
-4717
-1535
-2806
-4856
-582
-1077
-911
-4829
-3206
-1746
-4653
-3448
-4886
-2456
-2372
-847
-4752
-4494
-3589
419
-4926
-4518
305
-2544
-3638
-1114
-1875
-3496
269
-2431
-1586
-2702
-2897
-4054
-3875
-806
-2415
-4148
-4621
-2265
-1788
342
465
-2943
-3159
-3956
-4684
-3564
-1792
-2566
-3578
-4345
-3234
-4480
-2105
-2209
-1884
-4999
-1212
-3317
-427
-690
-4128
9
-2592
-454
-4913
-4247
192
-890
-2816
-4276
-4429
-2681
-4216
330
-1953
-2222
-2297
-1186
-2118
178
-446
-1126
-3688
-2424
-1807
-1296
-2040
-634
-4383
-4828
477
-1660
-3705
-3019
-1230
-2324
-314
-1982
-2320
-3707
412
200
-4769
24
-1158
-1137
-4917
-2779
-1578
-1922
-1689
-1869
33
-856
-2019
-4194
-707
-3159
-1549
-943
35
-1075
225
-3281
-1974
-2424
-4607
-1258
-122
-2094
-3705
-3013
-2573
-2316
-3268
-1073
-3204
-1199
-2717
-876
-731
-4026
-4080
-4401
-1207
-3076
-1428
-1774
-1632
-4935
-189
-4000
34
-4250
-1325
-3018
-1942
-3034
-2794
-1051
-480
-1373
-1259
-1314
-4593
-722
-3054
-1373
-3477
-916
-1886
-4094
-4454
-4753
-174
-4815
-1861
-3365
-2185
68
-2622
-1059
-4711
-1356
-3465
-3622
-1782
317
166
-250
-4489
-2351
-2806
-4565
-4111
-3660
-4638
-2434
-4049
-4618
-14
-4167
-4984
-4011
-1
-1275
-4432
-1040
2
-4815
-2495
324
-1742
-1342
-1548
-2002
-939
-4266
-2415
-4163
-4772
304
-907
-1399
-870
-3941
-4704
-4484
-4071
-4519
-4386
-3197
-3591
-452
-4066
-1740
-1283
-3603
281
-2082
-125
-4642
-3752
-1699
-4136
-1488
-1056
-1811
457
-2372
-1607
-2492
-165
-202
-3593
-3372
-4378
-3134
-3976
418
-2799
-4156
-678
-1789
-1035
-4068
-4674
-822
-3966
-662
-713
-597
-1410
-1951
420
-380
-2376
-3226
-3350
-4814
-275
-151
-396
-1490
310
-3990
-3617
-2999
-397
-2075
-1677
-242
-3993
-3444
244
-1694
-575
-1135
-2065
-4416
-2185
-535
-1241
-3201
-1670
-922
491
-4366
-238
242
-3515
-4843
-1970
-1853
-1052
-2135
-1767
-4291
-3652
-2960
-1764
-4598
-3549
-4810
-1738
-3085
-548
-4365
-790
-4565
415
-2582
-4038
-400
-316
-3219
-914
-3167
-884
-390
-1415
-3150
-812
-2595
-3878
-4484
-289
341
-3069
-1905
-1221
-4622
-3853
56
-3527
-3201
-2934
-3202
-170
-795
-1236
127
-4863
-640
-147
-3770
-756
-3549
-858
-4800
-2658
-1779
-2508
-1155
-100
-1584
-1280
-3274
-2236
-4107
-4978
-1474
-551
-2972
-2604
-3245
-2497
-4082
-1643
-3799
-4718
422
-429
-1677
-3432
-3713
-2786
-4509
-4812
-4419
-3624
-27
-112
-430
201
-2764
45
-2538
-1349
-2763
-587
-3144
-4901
-4204
-4102
-2264
-3789
-1600
-4717
-2875
-2060
-4913
-4446
-4145
-4183
-4001
-3320
-3121
46
-3968
-4681
-3818
-1127
-2642
-3722
-780
-3449
-3578
-2578
-4121
-4054
-4861
-1645
-3460
-758
-767
-3388
-2736
345
-1113
-317
332
-781
-1043
-2754
-2708
-765
-2052
-1676
-1231
-3785
332
404
-4390
-1205
-751
270
-4724
-3130
-648
-4867
126
-3430
-2446
209
-4306
-3847
-4721
-3947
-1932
-1445
-1998
-3528
-4096
-4426
-4717
-4455
-1578
-3830
-698
-2214
-868
-4978
-2371
-2646
448
-2532
-1775
-144
84
-4407
-2675
-4608
-2633
-2851
-3912
-3567
-4199
-3980
-1332
-2128
-3317
-1818
-4101
-1552
-4104
-1060
-447
-591
-3451
-394
-2536
-4215
-3571
-2546
-4138
-455
-648
-1710
-888
-730
-245
-3553
326
-1526
-3383
-3352
-4811
-3276
-4500
-2469
-3697
-1734
-3185
-2293
-2191
-751
-4670
-1356
-2307
-2452
-3517
-4698
-1042
-3300
-3805
-4051
-160
-1439
-4433
-951
-4249
351
-537
-3815
-3466
-2758
-2946
-1886
183
385
30
310
-575
-3123
485
-767
260
-1952
-3364
-1011
-1826
-2017
-2559
-863
-369
-4271
-4191
349
-3136
-3712
80
-3315
-1772
-3074
-1142
-4713
-4782
-4366
142
-3839
-3165
-1644
-1469
-2560
-3254
-3237
-4271
-2025
-2935
-1053
-1331
-3445
-1095
-520
-4868
-1720
-4183
-4963
-3104
-2103
-1565
-2441
-2276
-841
-4888
19
-3952
-3302
-3462
-1348
-310
-57
-4591
-131
-1828
394
-3456
-162
-2619
-4591
-4811
-743
-4936
-3868
-3603
-3800
-3240
-3780
-2710
-3594
-1420
-3932
-1209
-786
-342
-1121
-4345
-283
392
-4378
-1162
-4124
243
-548
-1174
-1750
-1172
349
-2596
-3388
-1510
-238
-1997
-399
-1667
-1623
-4153
-1066
-4074
-352
-784
-1039
289
-2394
273
-4706
41
-3375
-4738
-2072
-3347
-3242
-4476
-4269
-1343
-390
-1144
-1458
-1336
-4216
-1716
-4878
-1782
-3460
-1024
-2843
-1983
-267
-2760
-511
-3980
-3831
-4748
-978
-4245
-369
-3554
-2726
200
-2872
-3608
-4151
-4350
-2640
-4896
-4894
-743
-101
-1103
-4571
-2050
-1387
-439
-2545
-1651
-1053
-4830
-621
-4837
-3892
-254
-3743
-4615
-2183
-22
-1398
-3693
-260
-3745
-4791
-3946
-1387
-4163
-454
-1219
-2111
-1683
-1132
-4705
-4653
-3614
-2993
-4952
-3067
-4201
-1943
-2101
-3763
-4396
-407
-4875
-1545
-563
-2702
-4170
-991
-4154
309
-1511
-8
-2686
-2252
-3467
28
-4603
115
-2115
-3484
-4466
-1492
-727
-139
-4068
-322
-626
-2687
-3745
319
-1728
272
-876
-567
-2310
-1175
-1114
-124
-4553
-941
-79
-3219
-173
-2968
-2746
117
-3991
-3338
-4782
423
-1355
-352
-3703
17
-4802
-963
-4429
-4705
-953
-1244
-34
-4978
-4559
-2824
284
-4809
-1952
-2807
-305
-2073
-3358
-259
-1240
-2065
-3012
-3061
-855
-4265
-4873
-4927
-394
-3229
-784
-2951
-4284
-4016
-4389
-787
-869
-612
-2260
-4093
-3098
319
-1270
-2907
-606
-2544
-1391
-2822
-1156
-838
-667
-4243
-4741
-966
15
-517
-3724
-2596
10
-4642
-3280
142
-1864
-230
-4877
284
-2351
-4289
-1446
-2129
-662
-578
-3457
-1560
-3123
-1211
-3538
-859
-48
-4804
-317
-1601
-422
-2864
-1302
-1706
-569
-4326
412
-621
-2757
-1771
279
112
-105
-1843
-1058
-3068
-2262
-4613
-770
-626
-3346
-2415
-3855
-524
-2296
-4952
-4666
-4627
-2329
-2435
-872
44
226
-3866
-4842
-3474
-92
-4619
-3163
-4447
-2414
404
-211
81
-614
-4219
-4107
-3196
-1201
-4886
-2988
-2848
-3655
-4515
-3610
-3130
-84
-2593
-884
-805
-4094
-861
-3702
-1006
-314
-2581
-15
-4947
-2116
-3888
-369
-46
-235
-2509
-2649
-4181
-1089
-2139
-3202
-2404
-3959
-3418
-801
-4026
-998
-2021
-2413
-4566
-939
130
-886
-4799
-4195
-2165
256
-3279
370
-947
-4382
-2051
-3189
-2059
55
-2791
-3714
-4202
-3843
-139
-4197
-1105
-1190
-388
-350
-4652
-4020
-1331
-2092
-2615
-1567
-2289
-49
-4915
-2262
-2200
-4876
-2451
-1742
-1652
-3608
-2680
-317
-1062
153
-3945
-1451
-4090
-4077
393
-1593
-4130
486
-3656
-834
-2333
-1357
-2096
-2527
-90
-541
-2094
-1644
-3159
-2421
-3631
-4852
-3675
-2817
-2672
-4282
-2383
214
-787
-4823
-2298
-709
-770
-3769
-4269
-742
-3613
-513
-3520
-2227
-1610
-458
-4254
-1503
-3933
-1510
-3623
-1021
-3490
-1552
-3852
-1155
-2686
-3337
-3361
-734
-1624
-2730
-4321
-342
-3940
-1216
-278
-3742
-2548
-897
-1113
-3592
422
-3298
-3802
-1881
-86
-4229
50
-2194
-2832
-1488
-3591
-1018
-2121
-563
-4055
-3441
-3611
-3963
-4750
-4759
-305
-4582
-2239
-3188
-3798
86
-3758
-211
-3349
-2428
-3326
-1484
-4585
207
-349
-4175
-3763
199
-3602
-2089
-149
-1293
-2046
-1612
-2628
-1745
43
-2312
-3706
-821
-2691
-789
436
-2665
-3026
-2783
-3532
-3524
-50
-2202
-809
-4416
-2489
-2832
-3396
-3050
-920
-2870
-3456
-2277
-110
258
-3667
-4669
-2885
-474
-2145
-4699
-352
-2128
-942
-3827
-4603
-1119
-4828
-3535
-483
-4376
-2790
-3713
-773
6
-1130
-4342
-187
-2406
98
-1275
-1515
-393
-1284
-890
-1272
-3931
-4468
-4555
245
-1518
47
-4646
-1214
-2392
-1614
-1926
-4938
-1791
-3769
121
-4760
-2421
-4727
-3250
-1629
-417
-4145
-2531
-2441
-2915
-1813
439
-1493
-1222
-1824
-4457
14
-1529
-1615
-1776
-168
-6
-2286
419
-2594
-2529
-1
-3386
-3642
228
-3905
-3868
-2198
-4472
-26
-4943
263
123
-4279
-1910
-599
-4840
-3142
-976
-3922
-3710
468
-4244
-1879
-584
-765
-3249
-2115
-2295
-3542
-4788
-3443
-2831
-2785
-3770
-4565
-4375
-2907
499
315
-2917
-2808
-501
-2764
-3690
-1730
342
-1803
-3227
159
-952
-1716
-2905
-3909
96
-1386
-387
-2599
-4331
-611
-3842
-2414
-1699
-1149
428
-1033
-3372
-1901
-3758
-809
-1419
-3512
-3748
-4196
-1409
-2312
-2239
-4251
-3593
-4757
275
-1498
-1129
-4731
-4571
182
295
-4663
-2842
-1910
-513
-1297
43
-1792
-3064
132
-737
-95
-2481
-1758
-766
471
353
-3319
-100
-614
-648
-561
-2988
-2295
-3204
-1843
-39
-1644
407
-1426
-4477
-483
-3426
-4367
-2695
-4072
-3341
-2375
110
-3756
-1278
-917
-2721
-1390
-2607
-1162
-3414
-70
-1734
128
291
120
-4890
-866
-2235
-4284
-4318
159
-4065
42
-3663
-3534
-886
134
-1783
-2549
-4111
-1988
-1075
-4413
-408
-1967
-3054
-3401
208
-2922
-3455
-262
-3598
212
-3460
-2678
-2031
-3982
-2765
-3128
159
-3526
-1098
286
-3573
-3305
-1145
-2290
-3201
-1633
-1446
-4588
-4669
-2409
-3005
-1152
-3015
-1095
-2807
-2788
-1369
-4267
-782
-4708
-1868
371
-4470
-2010
399
-1209
-4925
-4286
-4797
-1029
-4056
-475
-907
-620
-665
291
-1618
-2882
-3717
-1491
-3126
-2596
-1092
-1544
-3994
-1414
-2379
-1517
-4158
-3859
-4292
-4348
-4841
-3712
-1911
-4005
-2811
-2556
-493
48
-503
-3664
-686
-3930
-3294
-730
-2983
-2650
-3146
432
-1248
146
-3030
-425
-2897
-1798
-2180
-1137
399
-4853
-3317
-683
44
-2386
234
-2964
-3862
-920
-3471
-88
-409
-3809
-4206
-4069
-2804
-243
-4529
-1383
-4534
-1596
-4439
-2823
-330
-44
-3604
-2616
-2595
-2640
-564
-972
-1892
-2150
-2546
-1053
-3362
354
-193
-2511
-3268
-658
-58
-776
-4947
-2579
-3297
-1574
-3330
-4469
-2043
-869
-3152
-1834
-4438
-3116
-4231
279
438
-254
-3661
-969
-4707
-1795
-2227
-2668
-3867
-4396
-683
-1914
94
-2699
98
-4362
-4834
-4875
-2946
-708
-333
-2132
-1155
-1343
301
-784
-128
392
207
-2009
-1293
-918
-2516
-2262
-4217
-1470
-4774
-188
-1934
-4744
-2244
-268
-698
-336
-2993
-4851
-1181
-3320
-4480
-2206
-4413
-4389
-795
-3075
-1595
-735
-2453
-2055
93
-2660
-4834
-2671
-793
-117
-533
-1520
-1085
-3962
465
250
-3951
-2571
-1496
-481
-2578
-2629
252
-742
-4800
-3816
-4232
261
-4011
-1776
-4203
-3493
-2499
-1470
-2101
-2260
-1387
-3259
-3126
-732
-4152
-3909
-3176
-4644
-3840
-378
-1993
-331
-2627
-879
-956
-3332
-2745
-789
-1324
-4134
-2663
-613
-4278
-4246
-4860
-4280
-3942
-1883
-2872
-2886
306
-4867
-2520
-4499
-2863
-4485
-3364
-3423
-1461
-983
-203
246
-1816
-4028
-3944
-2634
-3223
-3325
-2046
-4018
-1167
-2670
-2023
-3713
-1452
-3491
-4094
-2075
-4328
333
-33
-601
-1741
-3327
-1664
-4057
-768
-3615
-4726
-3907
-137
-4874
-4084
-2764
468
-3121
424
-3334
-2702
-2600
-2876
-385
-2717
-1179
-1823
-4146
-663
-4105
-3712
-3042
-3727
353
-4566
-4097
-3914
-3137
-4305
-818
-3995
-2450
-699
-571
-1907
-349
-4898
458
-1861
-592
-3889
-623
-1648
268
-3263
-565
-2495
-369
-3070
-2144
-2301
-4854
-1108
-1629
-1713
-62
-4234
-3564
-1847
-2532
-4417
-2219
-2987
-4203
-4302
-4664
-4081
-161
-446
-2546
-1254
-4126
-4581
-269
-1560
-4866
-2002
-388
-1962
-1104
-2080
-3512
-1839
-1438
-771
-2554
251
-1537
-4525
-4907
-771
-3923
-4301
-1929
-4072
-4536
76
-4228
-3712
389
-1942
-2293
-1055
-3912
-2570
-2558
-3309
-3013
-140
-1721
-2264
-309
-3841
-5000
-211
-2515
-2149
-2386
-4397
-2629
346
-3684
-1053
-2915
-4948
-1760
-3025
-2843
-3040
-2287
-4503
-840
-4226
-4587
-4203
113
-4408
-4887
-2882
-2676
-1860
-536
348
-4813
-1125
-3684
-1736
-4589
-1638
-905
-2711
188
-4741
-2301
-1675
-1290
138
-2051
-1641
-2109
-4131
-2213
-1070
-521
-2735
-3103
-2410
-1623
-3891
-3209
-3220
-2442
-4663
-4395
-4362
-3943
-444
-2206
-3240
-4367
-2757
-1349
-3887
-2669
-1185
-2
-2526
-4177
-4176
-1222
-1125
-1590
-131
-2019
-124
264
-650
-3115
-3760
-158
-2193
-3984
-4413
-2075
-3775
-2482
-4079
-1571
-679
-3089
-1993
-417
-4699
-4152
-2390
-1191
-3403
-733
-4292
-4786
-3084
334
-103
-3175
-1688
-720
-1577
-2512
-150
-4251
-181
-230
81
-4824
-1147
209
-298
-921
-3447
-4048
-3774
-4962
-397
-2289
305
-3848
-4312
-4020
-1884
-3638
-468
-1067
-3931
-2831
-3796
-4141
-2224
-1632
116
-4582
-2479
-2812
112
-4366
-2271
194
-857
-1259
-985
142
-1069
-4455
-2248
-135
-4361
-4366
-2155
70
-570
-4590
-688
-2990
475
-2425
246
-3481
-1015
-3228
-3425
-4432
-4891
-2672
-861
-1630
-4950
-2918
-1507
-3761
-4117
-4917
-2975
-2273
327
-4035
-82
-3365
-2311
-501
406
-2767
-601
318
-669
-1325
-1641
-890
-3954
-2315
-1478
-4283
-2843
-3470
-1976
-4744
-4245
-4124
-232
-544
-1981
-877
-4219
-3776
-2435
-2985
-3767
-4284
-530
-4454
-3238
100
-3813
-4957
-1180
-1856
-3391
-4043
-4355
347
-4823
-4422
-2600
-601
-2894
-2089
-2202
-4656
-2195
-1896
-4521
-1556
-2676
-767
-884
-1923
-1435
-3058
-4263
-1278
-4791
-2330
-2328
-4696
-686
-736
-4592
-145
-3965
-3366
66
-2747
-3066
-2098
-4336
-4821
-1092
-525
-2890
-1613
-43
-2786
-2811
-3051
-2702
124
-1769
-2402
-3314
-2392
-3510
-926
406
-1738
-1829
-3289
-4184
-4610
-690
-640
-3693
-2200
-40
-62
-2889
-1099
-1288
-1493
-4697
-3577
-3823
-1737
-398
-1139
-3868
-3202
-2661
-710
-1812
-3480
-3616
-1546
-3432
-2002
-3356
-48
-1377
-2019
-1070
-2606
-3271
-4715
-3366
-4641
-397
-2894
-1890
-1040
-2260
-30
-1518
-2642
-1520
-2911
-1578
16
-1326
-3185
-3085
-1802
-2221
-2481
-1281
-1408
-750
-128
-2553
-760
-1912
-1743
-1186
-4457
-1593
-550
-1400
-3101
-2408
-2408
99
-3970
-4847
-1318
-2386
-2465
-562
-2696
-913
-1675
-382
-3589
-2832
66
-1618
-621
78
-4060
367
-3122
278
-3272
-4924
-4795
-3224
-2293
-1255
-863
-2458
-1856
-706
-1455
-413
-1922
-4645
-1403
278
-1108
-3510
365
-2323
-386
-2768
-2527
-2251
-352
-4762
-885
188
-2522
-4391
-3496
-991
-914
-28
-2631
-48
-1081
-3019
-4660
108
-1844
-4897
-1382
-2534
-2511
-804
372
-3800
-179
15
-421
-3009
-371
88
-2011
-1090
-2515
-2919
-142
-3824
-4697
-4917
425
-4154
-1968
-2719
-3140
-1545
-4615
-61
-74
-4737
-1659
-234
-1443
-3327
-4325
-4004
-1067
-3413
-1758
-256
142
-358
-2265
-2778
-4781
-2861
113
-1936
-4200
-3448
-478
-1010
-2065
-869
-2196
-2571
-1490
-3632
-3625
-4081
492
-2901
-2690
-3161
-4885
-2448
-4141
-2921
-3977
-1913
-2609
-2730
-3394
-3684
-1437
-2133
-957
16
-3529
-4350
-621
-1781
-4213
-933
469
23
-4668
-2854
-4449
-2752
-849
-4153
-4490
-2152
-2298
-2376
-2966
146
464
-1837
-1473
-661
-2406
-2567
-2503
-1540
-1474
-3334
-360
-3394
-1260
-1219
-1606
-2081
-2401
-1701
-1635
-557
-1098
-1898
-2342
-2971
-2454
-4289
-913
-2029
-3892
-3849
432
-1586
-1707
-3011
-4410
-3930
-4850
-2025
-503
-387
-2666
-2939
-3684
-4760
-4263
-2015
-2643
-2581
-3405
-24
-735
-3739
-4628
-2004
-4010
-3862
-4619
114
-4435
-4901
-948
-4534
-4031
-3565
-1059
-1136
27
-4978
-4533
-4102
-4400
-2424
-3551
-1331
-1506
279
-2874
-1592
-801
-3659
-2564
227
-522
-2535
-4207
-496
-3432
-3815
-148
-3207
424
-2541
-1020
-1987
-3058
-4086
-495
-3114
-2811
-832
162
-102
-1351
-618
-3000
-272
-3141
-2817
-68
-3096
-4781
-172
-2812
-810
-4059
186
-126
-3530
-597
-563
-168
-2469
-2485
-1637
-235
-1564
256
-4809
-4443
193
-4061
-1634
-1827
-4234
-1567
-3675
-3509
-1600
-1562
-4066
-3022
-4025
-1548
-3687
-1504
-4347
-512
-3904
-2800
-3479
-3872
-1377
-4074
-3689
-1995
-4141
-3889
-4438
-2627
-1038
-3213
-748
361
-3761
-1422
-4679
-3362
-1760
-2686
-434
-3364
-483
-385
-3176
-341
-3414
-2201
-3924
-3998
-2411
-2303
-1030
-2735
-535
-3420
-3735
-1970
-4989
-3721
-2509
-486
-894
-1731
-4698
-4473
-826
-885
-2438
-3535
77
-4338
-2632
138
-4230
453
-1681
-2181
-3095
483
-834
-3920
-1288
-2215
-203
-1571
-1524
-1397
-2422
-4083
-3864
-344
-1147
-356
-4191
-2679
-4629
-678
365
418
-4860
-1011
-2704
-174
-813
-1629
-688
-1770
-3918
-4398
-3780
-2742
-862
-4133
-1568
-1352
-571
-4083
-582
-2031
-209
-3194
-1446
-4134
-3585
204
-4147
-3939
-1514
-1280
371
-950
-1225
-273
-1209
-2045
-4145
-1016
-3832
-1629
-759
-3285
-686
-221
-2560
-778
426
-3574
-2122
-2555
-1002
-2621
-1060
-1629
-4140
-2100
-586
-3741
-316
-895
-99
-4824
-2145
-2824
-4912
-2074
-3149
-2942
-377
-1836
86
-3989
-731
-1530
-4350
-2044
-3990
-1265
-1602
-597
431
-37
-4053
108
-1925
-1174
-1073
-4620
-523
-1796
-1936
-2312
-3177
-4738
-4190
-1393
-3054
-1255
-4054
-3490
-2543
-4593
-631
-4413
-4953
-2658
-3852
-4435
-1674
-1651
-2640
-1801
-3842
-3209
471
-3499
-3698
-311
-3258
-4182
-2
-3010
-2917
-2128
-3008
343
-666
-879
-4656
-3587
-4175
-1199
-1751
-4106
-3365
-4597
-352
-820
459
-4384
-4235
-4413
-4653
-603
-3040
-1498
-2861
-1139
-3158
-2387
-3989
-4315
-3959
-1507
-105
-304
-2463
-2768
-2480
-692
-2431
-3484
-3056
-2344
-2998
-3969
-936
-3160
-4560
-1017
-685
-1704
253
224
-4502
-726
-1877
-53
466
-4505
-2511
-4042
-3355
-1117
-3881
290
-2452
-2388
-3581
-4577
-2683
-759
-3475
-3628
246
-4816
-229
-3271
-1971
-1755
-3594
-2490
-3020
-1352
-2095
-463
-4929
-3346
-3366
-2831
-2844
-1756
-1287
-2970
-1682
-3516
-4187
-1282
-2568
-4344
-3777
-433
-2962
-2624
-3970
-4917
-794
-1603
-4395
-2001
-1268
-328
-285
-3444
241
-1587
-3560
-1914
-1793
-2022
-1591
-2497
-2553
-4739
-4576
-2853
-3985
115
-21
188
-3816
-130
-2600
-4823
159
-1952
-4630
-2409
-3048
-3289
-134
-3270
-866
-4754
-4465
-362
241
-1533
220
-396
-4417
-998
-1738
-3264
-278
-1338
-1178
425
-1403
-1926
-3070
-2488
-663
-2437
-3226
-1263
-4576
-2090
-4610
-2634
-1910
-3789
70
-1181
-762
-2916
90
-4114
-4102
-1006
-540
-515
-1155
-4712
-4744
-3060
-2403
393
-4858
242
-1824
-46
322
-709
-3686
-3068
-4279
-87
-962
-608
22
-528
-327
205
-3603
-2290
-25
377
97
-447
-3088
5
378
-2718
-4206
-4261
-3880
-4268
-4843
-1039
-734
-671
-3537
-1620
-4275
-4377
-2979
-2672
310
-3429
-3285
-1053
-4745
-4489
-4006
-1320
114
-2352
-708
359
-3363
-4442
-3787
107
-2720
-4615
14
-2632
-246
-3782
-3154
-1596
-1958
473
-989
-3571
-4981
-1865
-770
-1952
-3549
-2267
66
-3687
-567
-1551
-1001
-3130
-3909
-2861
-3328
82
-1574
-2662
-4411
-2528
-4119
-3716
-1773
-1151
-4716
-2655
-2883
-234
-2592
-4955
-1312
-1249
-3481
215
-3880
-3594
-1740
-4771
-2021
101
-486
-2755
-445
277
396
-1399
-4617
-627
-1339
-1644
-4528
-2921
-3630
-3641
-1118
-785
-3457
-4958
-3767
-446
-3744
-868
125
-2343
-1411
-1294
-1202
-4561
-447
-2009
-592
-4777
-1560
-3184
-4954
-1942
-2835
-2050
-3727
-3801
-2051
-3503
-3374
-4702
-400
-4888
-2560
-478
-1438
-3558
-4850
-4070
-4737
-4343
-2716
-2471
-2056
-3630
-4014
-1108
176
-4435
279
-3461
-3692
-1940
-2714
-4736
-1878
-3261
-3134
-436
-2609
-2954
-1689
-1403
-4802
-4812
-4228
-12
-1723
-989
-1037
-1018
-127
-367
-1823
-1008
40
-3250
220
-4337
-1196
-883
-287
-198
-1240
-1087
-3633
-4417
-972
-2706
-3675
-800
-4605
-4972
-1590
-396
-1071
-1777
446
-2536
203
-4262
-4378
-4663
-4301
-2397
424
-3610
-4718
-4424
-1364
-1569
-4063
-606
483
-4162
-444
-4961
251
-3379
-474
-1445
-342
-2094
411
-200
-2918
-1246
-2149
-84
-2855
-4325
-4832
-865
-4504
-1088
-410
-4325
-955
-541
-1859
-3504
-4170
-745
-4239
-4204
-506
-47
-3253
-1683
-1587
-333
-2499
-2542
-1758
-512
409
-1091
-330
-3772
-2593
-4507
-3954
-452
-2092
-4620
-4829
-1820
-4790
-436
-2874
-1482
-4671
-4431
-2366
-1406
-4279
-3126
-273
-3745
-1699
-1269
-4905
-3604
214
-4101
-56
409
-3995
-3458
-1887
-235
-717
-2201
-4663
-112
-1416
-1946
-1555
-3114
-3529
-4005
-4097
-4911
-408
-1335
192
-4293
-919
-2896
-950
451
-2119
-2859
-962
-4307
-2444
-2997
-1708
-137
-3928
-929
-4681
-4167
-3250
-1781
-599
-2364
-1520
-53
-2332
-4204
-2069
-3052
-1532
-4143
-4586
-1864
-1179
-4473
-4039
-1044
-4083
-555
-2826
-369
467
-2739
-325
-980
-3413
-924
-4606
-1091
174
-1516
-2540
-3727
-3546
-2736
-1773
-2039
-210
-3941
-4097
-3842
-4716
-2622
-4741
-1771
-95
-4556
-4002
-499
-80
-428
-4621
-2213
445
-2653
-3425
-3901
-3231
-4042
-4629
-144
-2535
-2606
-2289
-2161
224
-2768
-64
-2137
-4303
-4162
-3414
-2250
-4362
-2504
-13
-3645
-991
-3836
-161
-695
-4580
-757
-4678
-3905
-3867
-3600
-3393
-507
-4478
-712
-1231
-4640
-3416
-3553
-1149
220
-2281
-4380
-2702
-3116
-910
-4120
-4744
-4855
-894
-2374
-3911
-827
-4704
-3844
-1806
-1375
-3629
-1475
-541
-2414
-4274
-2178
-837
-777
254
-33
-3905
-2291
-4609
-73
-855
-844
9
-1966
-3036
-3219
-2684
-2636
-3338
-3443
-3108
-1286
-1007
-1154
-2863
-1871
-3759
-1805
-3390
-2792
-3726
-200
-4177
-3523
-4125
-334
-4383
-4902
-122
-2844
-521
-459
-1388
-3462
-3179
-1346
-3025
-3741
469
-4084
-4517
-722
195
-1397
-4288
-294
278
-2787
420
-4301
-1699
-1470
-1483
-1637
-1332
-1689
-3003
-314
-3914
-1193
-3510
-2802
-1980
-4628
-1931
-4726
-1522
411
-4036
-2998
-4314
367
-331
385
-4669
-2278
-3437
-647
-3704
-1825
-4900
-841
0
-440
-599
-204
-2253
-681
-3768
-2270
-4631
-221
-3763
-1661
-1116
169
-4464
-3593
-1074
-1874
-481
-3541
398
-3439
-4771
-2583
-47
-3826
-2031
-3113
-1895
-3794
-2938
-4212
-2270
-252
-4507
-2412
-185
211
-3742
-2725
-1939
-778
-372
-4535
-1830
-1137
-2647
-3846
-3566
-3489
-1795
-2905
-3778
-4666
-3763
-4985
-2012
-3006
-1376
35
-766
-1995
-3955
-2251
-3093
-1402
-2801
-933
-4273
-2140
-1814
-1757
-1400
-4786
-2192
-1966
-553
-1180
-2439
-4339
-4816
-1592
-582
-3015
-532
-3638
-1240
-2528
-4338
-4296
-238
-3234
-2466
-83
-3777
472
-3778
-891
-1949
-1562
229
-1991
-1499
-920
-503
-4343
-1921
-4094
-4071
-1113
-1806
-1733
-867
-4902
-2371
-3945
-1730
-1434
-4385
-3439
-684
-304
-4732
-4596
-3607
17
-811
-3875
-528
-4277
-791
-765
-1379
441
-4079
-1456
435
24
-797
-3797
-4739
-4358
-1012
-3048
266
-667
-1088
-607
-3263
-128
-4568
-2073
-3773
-4830
-2344
-2837
-2623
-4677
-742
-91
-2084
-42
-974
-945
-1403
432
-3176
-515
-4086
-73
-602
-1236
-3749
-4889
-1233
-1839
-2603
-4925
-1816
476
-4572
-2784
26
402
-3791
-1823
-1360
-2659
-4483
-825
-3483
-3771
168
170
-4310
-546
-2973
-4820
-4167
-2511
-1486
-1837
-2365
-4293
-1832
-2572
-2757
483
-3108
-3006
-197
-3799
-3293
-2895
-22
-3225
-1423
-2938
-3391
-1167
-3116
-825
-927
-4570
-512
-2061
-3072
-2900
-846
-2187
-714
-2305
-4123
-2542
403
-1462
-754
-281
-3325
-1543
-4608
-2713
-1998
-3278
-2456
-55
-4843
-1151
-2058
-2210
-4148
-1555
-187
-2127
-488
-1995
-3097
-750
399
-1017
-1152
-3635
-4719
292
-1139
-2412
-2387
-2428
-388
-3192
-428
-52
-1884
-2639
-4220
-1089
-3580
-4956
-4737
270
-1404
-29
-3860
-4911
-384
-1409
-1538
-4073
-4640
-4549
-354
-3257
-3055
-1298
90
-410
-3009
264
-3357
-3550
-3231
-3979
352
-1818
-1137
-4116
-1366
-1881
-3912
-3345
-3138
-1544
-3181
291
-2714
-4026
-2325
-3501
-3901
-1830
-1394
-3658
-3060
-3162
-267
-2588
-231
-4424
-1471
-1507
-519
-1639
-439
-2029
-1182
-4815
-2123
-1556
27
-4026
-1022
-672
-2829
-3912
-2541
-1113
204
-927
-849
-921
-4851
-880
-633
-4754
-403
-1048
-1718
-1651
-765
-4960
-1022
-4380
-1935
-587
-3066
-4785
-1640
-4839
-1163
-848
-4921
-1070
-847
-480
-1638
-4605
-1307
349
-3159
-2014
-1168
-1845
-3172
-2595
-4955
-4634
-273
410
-691
-1447
-2752
-632
-2218
-995
-3301
-4263
-4259
-125
-2052
487
27
-101
1
-4822
328
-2177
-526
66
337
-2344
-2135
-79
-1860
-3043
-4411
-1566
-4865
-3792
-3702
-4000
-2547
-2224
-2078
-2961
-1225
337
42
-2266
149
-869
-1323
-2201
-4323
-2730
-867
-3317
-172
-1955
298
-539
-538
-3628
-2414
-4671
-1953
-4291
-3358
-4115
-3418
-2452
-245
308
-304
-3806
-1867
346
353
-1154
-2628
445
-2332
-1391
387
-4715
-4089
333
-1256
-1213
-4193
-375
-2635
-1264
-1261
-63
-515
-2056
-933
-2746
-674
-1987
-1529
-1409
-907
-2014
-1629
-1004
459
130
-3794
-438
-1048
-4527
-2305
-670
-3088
-2452
-2333
-769
123
38
-426
-222
-3454
94
-2355
-4340
-865
-1696
-419
40
-4563
364
-1731
-3708
-4384
-548
-3668
-2591
-1976
-1118
-684
-666
-3716
-2236
-3213
-2845
-1580
-4445
-4200
-995
-2252
-911
-934
-1173
-742
-2411
-564
-2381
-3674
83
-1547
-3023
-2117
-1326
-3624
-425
-4246
-1174
-4545
-317
-1501
-3226
-2272
-806
-1678
-3424
-332
-3801
-2097
-328
-3384
294
-3067
-3829
-415
-1362
-1019
-3373
-4336
-340
-2521
-1584
-4561
-4707
-4430
-2039
-2428
-4332
-2037
-1475
-2586
-1690
-290
-2050
-2139
-1170
-173
394
-1802
-4324
382
-4732
28
-46
-2473
-2889
-2911
-3926
-4991
-547
-4768
-3573
351
-2570
-2063
-1506
-853
275
-4354
-3012
426
-4374
-524
-1635
-835
-3870
-886
-820
-33
-1869
-4811
-4041
-2457
235
-1333
-3834
-2089
-1683
-4969
-3490
-2921
-2864
-2406
-1613
-3914
-4896
-2606
-758
-755
-4270
-4603
-2124
-1560
-2670
419
40
-4014
-3954
-1967
-434
-2163
-3498
-4097
277
-3965
-4381
-4868
-3330
-144
-200
-3086
-4215
-4292
-4177
-4416
-1798
-4413
-143
130
127
-1211
-1042
-387
-4991
-10
160
-1688
-1362
-4376
-2916
-4775
-340
-165
182
-2981
-4916
-1039
-4402
-4730
-2087
-2971
-4980
-1343
-476
-2231
-1952
-440
-323
-2655
-1162
99
-3172
-4446
-756
-1469
-4342
-554
-374
-4821
-4687
-194
-3594
-3967
-2883
-1378
-4097
-2215
-1865
66
-4963
-4864
-2196
197
-4622
68
317
-3667
-599
-4593
-4614
-4287
-762
-2406
-963
-3096
-3990
-755
-3658
-3817
-4121
-3325
-2160
-4052
-4807
-2343
-4306
-4429
-4795
-1035
-2477
-3031
-4582
-868
-3903
-1379
-3304
-1732
-2908
-4692
-1879
-4504
-1574
-2237
392
-275
-2985
-764
-1198
-921
-1992
-2397
-3988
-2881
-2857
-3261
-4930
-4139
-4018
-112
-849
-960
-3670
-3347
-2890
-476
-4349
-4263
-2792
-3325
-2128
140
-170
-2451
-1330
-3099
-2397
-158
-2354
72
-3846
-2017
-1962
-4516
-223
-719
267
-1165
-90
286
-2681
-1316
-20
-1788
-3566
-1267
99
-3329
-3603
-390
-295
-912
-1898
-2776
-1341
-3441
75
-2614
-4805
-311
-12
-2268
-4733
-1335
-2355
-2905
-1166
-4545
-1737
-4517
-2091
358
-4913
-4804
-389
-1818
-3394
-599
-4239
-2069
-3607
-4178
-1864
-1517
-1594
-3760
216
-4368
-2769
-2983
-788
-2957
-4318
-292
-423
-1166
-375
-549
-3258
-268
-4972
-4336
125
351
151
155
-2824
-2595
-3224
-63
-1488
-3842
492
-3778
-877
-1298
263
-2269
458
-2521
-4608
-3382
-1812
-358
-2684
-1288
-3668
-546
-3115
-2891
-1993
-2632
-1933
-1564
4
-395
-1148
-615
-3995
-2922
-1742
-1597
-1863
-1575
-2968
-1392
-315
-3941
247
-4123
-2676
-336
289
-3317
-4111
-4205
-1231
-4056
202
-845
-2348
-2956
-666
-2427
-1898
-828
-712
-72
-2770
-4018
-727
298
-3546
-4761
-368
-423
-2425
-3186
-3417
-2285
-4587
-2086
-3904
-2316
210
-3765
-975
-836
-1247
-67
-466
-2589
-3303
-433
-4635
-3816
-3343
-2247
-933
63
-3159
-1640
-2898
110
-4315
-6
-2844
102
-1639
-136
-3172
-4513
-4706
-2182
-2318
-3156
-1942
-117
-4277
239
-1272
-2706
-710
-3745
-480
-4231
14
-4006
-4114
-121
-2402
-344
-2652
-255
-1606
-1914
-4949
-1579
-3945
-1174
-408
-924
-3611
-2970
-2851
-4089
-3076
-2297
-4195
-4320
-3563
-1042
-3861
-2055
-637
-1929
-4844
-2145
-3978
-84
-1341
-3455
-1753
-2004
-4408
-840
-1750
-4650
-2195
-3194
-3264
-883
-1079
-3717
-3248
-3126
308
-1711
-10
-1986
-2459
-3114
-2110
-2262
-4902
-1151
-3793
-4755
-2013
-105
-2714
-3896
-889
360
-4328
-1098
-1380
-4884
-1975
-1098
-1154
-4875
-2406
-4291
-501
-4314
-4709
-4437
-4552
-4618
-4771
452
-1447
-4520
-3272
37
-2938
-4219
-3290
-1037
-3144
-21
-343
-512
-4468
-3145
-4185
-4137
-1266
-4151
-4324
-1913
-1048
-4144
-2290
-233
-2579
-2632
-1023
136
-1337
-822
-182
-1946
-3461
-3571
-998
-4329
-1461
-3312
405
9
-274
-1084
-3073
-3172
-4831
-2706
-2254
-1966
-1382
-3713
-4856
-3948
-1761
-105
-1178
-3320
-3533
-381
-3479
-3079
-3166
-1403
-2754
-2334
-343
-520
-2905
-2255
-4378
-3904
-1262
234
-1989
-399
145
-2709
-3930
-3033
-1746
-1607
-3003
-3217
-3962
-3606
-4355
-4037
-3154
-3968
-4477
-3461
299
-3606
-988
-4804
-2018
-3536
85
-2775
-1584
378
366
-2166
-713
-359
471
-4250
-4833
-1208
-1433
-800
-4540
-2090
0
-4427
-4400
-3608
-3601
-3181
375
-2637
-2457
-4146
-3765
-638
372
-145
-1087
-3625
-4753
-4302
-4650
-2066
-4910
-4370
-34
-2496
-4818
-899
-3227
160
-2655
-3415
-3156
-1732
226
-1456
-352
-2150
-1156
-1103
-1267
-3739
-3236
-4190
-1685
-1975
-4915
-3982
-4749
-3360
-3325
-4431
-2915
-3748
256
-93
-263
80
23
-4084
-839
-3687
-4046
-4484
-3030
-754
-4521
-1176
-1954
-4801
419
-1405
-2532
-1271
-3233
-974
-3970
-3361
-1794
-619
115
-2382
-1323
-3812
-3320
-1342
-4654
-164
-3345
199
-1625
-1813
-1606
103
-1327
-2145
-1469
-4934
-292
-522
-3116
-3777
-4083
-638
67
-260
-4342
-56
-4382
-1078
-2341
-1941
228
-4068
-3135
-2482
-4216
-3158
220
-1193
-547
-2683
-224
-4599
382
-53
-187
-3996
393
-3434
-1313
-3345
-2184
-3705
-4974
155
-2259
467
-2996
-1463
-1890
-3621
-3956
-698
-1159
-3075
-2129
-2680
-1694
-4687
-1959
-4092
-3096
-432
-4746
-1212
-4750
-1727
-272
-3637
-4448
162
-636
-2793
-3344
77
-3879
-4139
-3239
-2437
-1709
-3181
-2004
57
-1637
325
-4252
-2280
-4070
-3445
-3737
-347
-2297
-2393
-902
-444
-3395
-4327
-501
68
-3991
-1400
-364
-276
-3140
-3724
-1738
-85
-2731
-1970
235
-1181
-41
-175
-2235
-4788
-2722
-1541
483
-3889
-1511
-3374
-1932
-2218
256
-655
-2566
-2852
-3580
-223
-592
-1686
-858
-377
-3770
-1227
-3448
-1383
-4688
373
-4912
-732
-2245
-4733
-2498
-3936
-81
-1373
-3143
-1003
-611
11
-3665
-2887
-3168
-3021
128
-3938
-3844
-1036
-4694
-2983
-310
-1915
-1887
-2647
-858
-1713
-4824
-2691
116
-3661
478
-1978
-2649
-2466
-1608
-4171
-4680
-224
-573
-4781
-195
18
-1437
-2005
-4646
-4835
-2845
-882
-585
-2741
-3197
-3052
-2110
-2018
-2831
-689
-4054
-682
-2864
-2481
-734
213
-4391
-4261
-3566
-1026
-3897
-2389
193
-4184
-3448
-4320
386
-789
-241
-4240
-1479
-3598
-4603
-2767
-1186
-158
-3530
-628
-3144
-932
-4770
-2173
-2976
-227
-918
-3246
-1997
-1400
226
-525
-2181
-2608
-1235
-1539
131
-2441
399
-1814
-3081
-1613
-2059
-4583
-1514
-1041
-2712
-2778
195
-2985
-4585
-4208
-867
35
-3534
-2038
-153
-3829
-290
-2091
-3665
201
25
416
-4838
-2070
-1919
-81
-697
-4750
-2831
-3891
-3392
-1971
-2435
308
-4749
-3140
-3520
-2795
-2442
-3140
-649
-1402
369
-855
170
-747
-4696
-3529
-4507
224
-919
-54
-3682
-4427
-713
-2157
50
-3259
131
-4866
-4022
-4282
-3564
-2031
-235
-4778
-2817
-476
-3853
453
-2083
-214
-886
-1755
-3953
-3261
-643
-4535
-1115
-1509
-2810
149
1
-1214
-4235
-1975
-3596
113
-3968
-31
-2807
-3767
-1557
-4684
-3314
-4426
-991
-3158
-1997
-3520
-1738
-1010
-754
-3026
-2625
-240
-2287
-2262
-3374
-451
-305
-2707
-1367
-1999
-2416
-2858
-384
-3288
-280
-3454
-200
-4497
-4104
-2905
-2764
-4241
-149
-2937
-3144
-4089
-796
-2282
-2163
-4970
-2828
-4155
-938
-621
-2046
-1479
-2223
-2046
-2056
475
-3940
-54
202
426
-478
-607
-3747
-3047
-1841
-1031
-1714
-4728
-948
-171
-778
-3383
-196
165
-2913
-3089
-2871
-2303
-1724
-4813
-1065
-19
-4887
-3161
-4848
-3391
-1583
-4435
-3082
-2526
-3351
-1906
362
-3131
-3372
-4185
-638
-4689
-2993
-1521
-3523
-2529
194
-3337
-3768
-2154
-2975
-3271
-243
-4904
-395
21
-3688
-4649
170
-647
485
-1908
-1433
-2421
-2109
-2318
-1421
-4538
-4512
-1455
-3871
-1500
-3193
-1812
-1260
-4244
-124
66
-329
-4474
-4313
-4597
-1103
10
-745
-4343
-4224
-4372
122
-634
-2577
-2228
-4808
-487
-2978
193
-341
-1294
-4441
-2385
-772
-956
-606
-2644
-3319
-4267
-3736
-232
-773
-2759
-1826
-717
-4762
-4001
-450
-4426
-781
-2563
-4893
-2009
-4920
-3876
-1993
-4496
-138
-1640
-4769
-328
-3616
375
-1543
216
50
130
-4459
-2914
-3171
-1069
-919
-4103
-2737
-3485
-3169
-1928
-4928
-1801
-3260
-3781
-3841
-1193
400
271
-3493
-1316
-4311
-874
-1456
-137
341
-1982
-4590
-2094
-583
-2037
-3029
-442
-808
-4070
-4605
-4344
-983
-4555
306
-3386
-4510
-2359
-3010
-2311
-1420
-669
-4663
-217
-4241
-4021
-189
-3816
-1025
-2908
456
-3627
-3095
-4721
-661
-749
-3955
-4656
-500
-549
-579
-2608
-1869
-3630
-3780
-3779
-1634
-4361
-1655
-1526
-473
-2454
-778
-154
-1067
457
-2468
-3115
-3088
16
-1544
-1460
-718
-2308
-13
-1222
450
-2672
-708
-1806
-2567
-1347
-2449
-4085
-4139
-1522
-2076
-2337
-4025
-1809
-1561
-3604
-3710
-1258
-334
-473
-3275
-2438
-4746
-2271
-2431
-3634
-2550
-2617
-975
-2312
-4327
-680
-1284
-1352
-3115
-3755
-246
-4607
276
-1837
121
-2
-253
428
131
-642
-958
-4178
-4539
-3731
-4847
-4733
-4115
-2661
-4601
-919
-1788
-1844
-508
-3810
-2213
-3121
-1537
-863
-2410
-3269
-273
-4399
-2089
106
-4160
-3496
-4071
-2205
-3421
-2194
-443
-3206
-4512
-3337
-3776
484
28
-1781
-4468
-2453
-1423
-3233
-375
-1107
-4986
-1615
-2540
-655
-496
-319
-2549
-2225
-2423
-4645
-2381
-1404
-3495
-2337
138
-361
348
-4532
-532
-4801
-717
167
-1174
-4181
-510
-4679
-2711
-1089
351
-3062
-2583
-2986
-4743
-1919
-604
-4033
-287
-4738
-4237
-1885
-1052
-4107
-1188
-611
-3329
-3092
-1982
-3580
-3236
-31
-2326
-1437
-1954
-407
318
-3841
-2802
-3245
-710
-681
-999
-2646
-3209
-2145
-4690
-4660
-3706
-2154
-807
-2931
-2136
-3986
-1640
279
-2838
-2950
-2955
-966
-4304
-2663
-2344
-2641
-1846
-1922
-1199
-2960
-1960
-3182
-706
269
400
-592
-1502
-3482
250
-3590
-4309
-804
-1916
-682
-1525
-376
-4833
-768
-17
-2959
-3846
-3720
-3725
275
-2841
-3814
-517
-4720
-836
-2334
-2636
-4121
-3045
-3099
-2757
-1984
-1338
-1222
-3741
-171
-540
-3296
-4572
116
-4964
-16
-3187
-4137
-4616
-2280
-478
-4779
-4374
-2476
-435
-2785
-2305
-1449
-1241
-3267
-4623
-591
-1118
-1594
-558
-378
-906
-3913
-1372
-2287
-149
-586
191
-1113
409
-1202
-4291
-4400
183
-3331
-4004
-765
-4622
-4008
-316
-3005
-1453
-2367
-4437
-2660
-1637
-1757
-3081
-4666
-4728
-2991
-2002
-4707
-4646
-2009
-1053
-1272
-3912
-3325
461
456
-4224
-2479
-4050
-1149
-2927
-2065
-1323
-4316
-4996
278
-3261
-4722
-617
-4631
-111
-3341
-274
-2785
-3576
-4040
-2503
-1843
-2596
-4788
-3554
-2012
-2501
131
-3103
-2978
-655
-1619
-3062
-3611
-1914
-1985
-3687
-782
-4090
-3583
-3981
467
-3491
-4481
-4251
-3065
232
-817
-1018
-4015
-4317
-3266
-3764
-2039
-271
-1066
-140
-3004
-3181
-3408
-1022
72
-623
-2605
-280
-2754
-4860
-4678
-4262
-2046
-2368
-2106
-3290
-4167
-1816
-4367
-1138
-3518
414
488
-3071
-4450
-3444
-3318
-4783
-2351
-4225
-4986
-3305
-1613
-3055
128
-1994
-3589
318
-466
-3330
-1139
-2597
-2758
-4259
-2871
-2605
-3946
-1179
-4560
-2902
-1283
-1832
-54
219
-1218
-1324
-476
-2621
-611
-3853
413
-86
-4340
-1834
-4020
-4503
-346
150
-3436
-3205
-4943
-2913
-4411
-247
-1395
-1965
-724
-52
332
-2729
-4592
-3739
-1709
-1956
-858
-734
-2321
-3863
219
-1025
132
-4826
-4205
-4650
-2128
-4191
-519
41
-2857
-1868
-1025
-3743
-2094
-2046
-3115
-4233
-2650
-692
-2168
-3254
-3322
-2175
-2778
318
-4285
-346
-1942
-1351
-4160
-1584
-2323
-239
-2962
-1110
338
-401
-3176
-1665
-181
-821
-2552
-4579
-522
-838
-2782
71
-2844
-3917
-4334
-4001
-3781
-2056
430
-2303
-4204
-3668
-1134
-3380
-1118
-1951
-1063
-4589
-4387
-250
-1542
-3441
-3241
-3403
-483
-2749
-3449
-1266
-2678
-609
-2930
-1392
-4773
-4952
-4340
-4318
-2558
-2642
-3109
-4977
-1459
-3207
-2930
187
-2755
-4427
3
-3030
-1414
-3605
-489
-495
-2902
-4834
-2213
-3197
-1643
116
-2419
-1478
-1689
470
-1735
-2716
-2544
-150
-2283
-718
-1060
-3582
-1294
-2420
-2990
-1091
-3823
-4942
-2106
-1325
-3618
-4528
444
-3335
-4503
-4211
-4385
-30
-4249
-2941
379
-4497
-4370
-1380
-2314
-3159
113
-1062
-2189
-884
-1517
-2
-4728
-3849
-3071
-4487
-155
-4898
-4096
-1841
-4910
-3183
-3628
-4036
-2479
-4144
-4443
-542
-4543
-654
-1904
-1923
-2488
-2790
-659
447
-3044
-4949
-1274
-2938
-3498
-3569
-1723
-1235
-3348
-2392
-2818
-324
-1
-1677
-1689
-4442
-2762
-708
88
183
-903
-2640
-1875
305
-4786
246
-38
-854
-2757
-1750
-3701
-4975
-486
-3259
415
-4603
-636
165
-3985
-1596
-1567
-4014
-2369
-2980
-2614
-2845
281
-120
-4014
-1542
-3559
-2192
-2944
324
-4390
-1085
-1115
-2787
63
-4805
-3764
-2818
-993
-4435
-4400
-160
-2150
-1569
-4920
-47
-4861
-1824
-1740
-2869
-3428
-130
209
-846
-2087
-4583
449
-3375
-4364
-2062
-146
-270
-519
-3317
-64
-1393
-3467
-854
-1177
-811
-3770
-2124
-4271
-1746
-1424
-572
-2763
389
-3868
-375
-4792
-2005
-3611
-3237
-340
-4553
-1052
18
332
-2220
-1503
-2086
-314
-2579
-3780
-1251
-69
-4636
-4
70
-1332
-3760
-4791
-4010
314
-1633
-3631
-1449
-3383
-1362
-668
-4091
-3058
168
-3901
-2726
-3508
-4707
-3009
-2358
-4907
-2533
-3614
-2807
-4107
-4999
-78
-318
-4940
-919
-4062
-3288
-2228
-663
-1082
-4140
-2270
-4058
-1536
-2129
-3705
207
-849
-3992
-3554
-755
-1002
-4252
-1714
-1656
-442
-4512
-1353
-166
-3139
-2178
-3125
-4129
-4914
-2381
206
-1345
-839
-3333
-2737
-2728
20
-4452
-622
-2949
-2321
-3026
-2706
-3859
-3554
-2512
-2167
-1046
-4293
-471
482
-1350
-872
-4800
-4173
-4474
-4492
-4991
413
-2903
-2138
-4501
-923
-152
-3130
-4738
-475
-2693
-1176
-4028
-4475
-2780
-2958
-4336
311
-3531
-1806
-2524
-1739
-828
-1895
-969
-2154
-4334
-2376
-1631
-325
-3876
-301
-3893
-83
-1728
-2663
-2140
-540
-482
-4004
-1659
-1104
-2468
-354
-719
-4026
-3260
-2165
26
-2049
-1154
-4218
-343
-4142
-4265
217
88
213
-424
103
-2394
-3056
-4363
-4605
-3737
-1637
-1661
-915
-1069
-2952
-2736
-3326
-4009
339
-4673
-4266
-2272
-640
-4197
-4975
-4425
-3587
-1711
-1616
-2859
-1660
-2241
-4404
261
-2052
-4358
-3475
-2840
-3966
-843
-3161
-1762
-2826
-2953
-2600
-3548
-3593
-1522
-1167
-3055
-2162
-2839
-2208
-1875
-2274
-2275
346
-1124
-3114
-2747
-3978
-59
104
-3076
-2343
-965
-2595
-1519
-2584
-4352
-1628
-2292
-3011
64
-1511
-1616
-1897
-2901
-2379
-3273
-3178
-4570
-405
-3812
-4032
-519
96
-4644
-1673
-4718
-2579
-1396
-784
-2435
-3493
-3068
-4180
-4706
135
-1917
-2569
-156
-4831
-790
-4775
-2099
-529
-3211
-3183
-2278
-844
-2965
-3457
-2220
-3518
-4270
-841
-2927
-7
-4829
-1191
143
-2021
-2604
-4276
-3287
-2434
-941
236
-3859
-1976
-4813
-1196
179
-1751
-4753
-1507
93
-4165
-1970
-3171
-2811
-3397
28
-1222
-3026
-3881
243
-585
-4758
-4814
-1294
-673
-4696
-2321
-4379
-4699
-3358
-3353
-2271
-3065
-3348
-4528
-3466
374
-3518
-3660
-669
-1872
-4780
-786
-1926
-1889
-3498
-2202
-806
-1163
-4870
-317
-3951
-3909
-4805
425
-2113
-1351
-1127
-4209
-525
-1056
-1248
-3249
-545
-3699
133
-3427
-176
334
-267
311
-3891
-4248
-1706
-4191
-4299
-25
-2256
-1636
-2551
-4877
-2305
-4158
-2380
-1668
-2528
-1966
-4167
-1894
-3803
284
-615
424
-752
-3110
-3306
-835
-3154
-4358
251
-235
-1439
-966
-4656
-2433
-908
-934
-1949
-2656
239
-3267
-1708
-3572
-4602
437
-3032
-1068
-3070
-2269
-3516
-1780
-3144
-1215
-426
-2724
-4243
-583
-3492
27
-1702
-3079
-1159
-655
-2484
-3109
-247
-2570
-2160
-1429
-1808
-3992
253
-771
-1176
-133
-2700
-3087
-1539
-4929
-3848
90
-1632
-722
-305
-2842
-4327
-2167
-884
-4601
-3654
-1148
-4168
-4196
184
-1366
-4847
-3020
-3860
-2936
-2670
-4431
-1739
-787
-4183
-3903
-1917
-2092
-1781
105
-1433
-1819
-1062
-3576
-920
-4078
-4228
-3258
-2515
-4079
-3969
-2111
-2363
-2780
-2660
-3030
-3523
-4990
-1178
-1381
-1887
-2497
439
-62
-4552
-2777
-3222
-2978
-3666
-1259
-3888
-2614
113
-3460
-4981
-3245
-2575
-1949
-1528
-2522
-398
-1758
-323
-864
-4402
-2113
-3336
-2709
-3825
-4030
-4324
-2210
255
-2629
388
-3007
-2238
-2234
-757
-1590
-18
-3862
231
-3552
-4055
-2821
-3728
-2858
46
420
-30
-1349
-1584
-1984
-3032
469
-4259
-161
-618
-80
-3083
-1805
91
-4603
-1423
-4997
-3334
-745
-755
-2512
-4255
-2553
-890
-2822
-4252
24
-2387
-206
-253
-2203
-693
-543
70
-509
-4368
141
-2891
-2408
-213
-851
-3298
-508
-335
-328
349
-1073
-1467
-2160
-1196
-2862
-672
-3781
-4615
-440
-786
-724
-288
-2279
-982
-627
-675
-2089
-4736
-3378
-2200
-697
-4526
-4869
-4314
-3246
-3859
-3310
-881
90
-3301
-1477
-4363
-4377
-2724
-4256
-2999
-4254
141
-410
246
-1746
289
91
-1709
-1295
31
-1939
-1446
-2340
394
-2856
-4648
-1737
-1037
-2532
-3984
-4343
-907
-2996
-1198
-2045
-4834
-4827
-2629
-3615
-1219
-841
-690
-2407
-1850
-285
-3679
-354
-4183
-4750
-2261
-2172
-1527
-1797
-4970
-4600
-4362
-3350
-213
-3927
-1391
-3375
-711
-1923
-3136
-3578
-142
-1943
-2636
-3176
-2554
-2763
-4559
-3891
-213
-3056
-1375
-1849
365
-2550
-2150
-1299
55
-2131
-4688
-4869
-2847
-3089
-446
-3245
341
441
-3200
-3302
-1904
-2251
-1959
-3498
-39
-3710
-348
-3518
-242
-774
136
116
-2898
-3020
-1648
-1332
-2291
-3114
-4948
-3921
-3285
-4574
-26
-4750
-1634
-3561
-802
-1726
-90
-883
-2645
-3471
-4167
-2124
-1345
-2022
-2899
-909
-1639
-4329
-571
-2911
-181
-2360
-2428
-3474
-1753
-282
-288
-2779
-4290
-1564
-3471
-3930
-315
-321
-1995
-1869
-370
382
-2505
-4265
-1181
-2028
-3201
-3661
-2608
-429
-3758
-3586
200
-1943
-2612
-4420
-1227
-3648
-3394
-668
-3705
-2260
-1644
-3986
-1671
-3172
-2536
-4380
-2780
-2580
-755
-1548
-1922
124
-4350
-3914
-4664
-3337
-3985
-3803
492
-3893
454
-2223
-3845
-1297
-2814
-834
-3302
-3033
-44
-1364
-4001
-4994
-4267
-2985
-4071
-2517
-1537
-4920
-4291
-497
-2282
-2123
-3119
-1746
-3650
-3981
-4786
-168
-3782
413
-2490
-1612
-4814
-1595
-1315
-1408
188
-1772
-1411
-3701
-2312
-3583
-3917
298
476
-3818
-1340
-1715
-4209
-1826
327
-1708
118
322
-3786
-1360
-1072
287
-1596
-3261
-4337
-4077
-2079
-4374
-2222
358
-2273
-520
407
-3338
-4256
-794
-1989
-1526
105
-299
-2283
-954
-774
282
-3519
-4225
-3753
-4191
-1071
-650
-2085
177
-2308
-3488
-1088
-4339
115
-317
116
-3071
-1526
-100
-1457
-343
-2655
-3498
-2023
-1143
-263
-4388
-327
430
-4899
-296
-2405
-814
-2669
-1760
-11
-157
-75
176
-3997
-724
-1801
-3856
1
-3622
-4872
-1153
-3934
316
-1150
-3391
-4074
-3939
-1896
-638
228
-3680
-3103
-4551
387
-4678
-2223
-2205
-912
-2466
-4445
-4674
-4017
30
-1900
138
-1544
-2274
-2683
424
-4937
-2088
-743
-107
-3530
-4807
-951
-2757
-4180
-313
-1563
-2402
-4553
-1086
-3354
-4924
-706
-2525
-837
-3248
-4265
-1090
-70
-2488
-505
-2641
-538
-4931
-1821
296
-830
9
-3460
-45
492
-1420
-1913
-4824
-732
-3509
-3209
-1591
-3791
-9
-1594
-3922
-412
-4099
-871
-1178
-4714
207
-4182
-4176
35
-3606
197
-4501
-1421
264
-2515
-4168
-238
-4453
-2135
-805
-700
-4246
-4241
-2399
352
-2329
473
-3348
86
-3432
-3753
-3095
-2590
-2586
-4362
-757
-2917
-2815
-3961
-3435
-166
-4259
-4304
-3711
-4675
-4367
-425
-1557
-4758
-2187
-4178
-2037
408
-376
-1267
-657
-2790
-459
-3350
-4275
-1033
-871
-4367
-3542
-3366
-241
-683
-1786
-993
-3274
-301
-1801
-357
-749
-1064
-784
-2739
-3122
-4284
-2770
-4388
-2645
-2766
-3531
-1931
-388
-3008
-309
-2035
-199
248
-2781
-2252
-1023
-2284
-3282
-3760
-2071
-2222
-2523
-3022
-2416
-4517
-665
-2633
-3129
-1269
-3978
-828
-3059
-605
-1207
-858
-4226
-3825
-3602
-942
-2549
-1590
-4104
-146
-425
-3069
-979
-3850
-1528
-135
-3363
-415
-4988
-3242
-4040
-4959
382
-2072
-1680
-1480
-3581
-1533
-4714
-863
-4710
-4271
-3286
-210
-548
-2454
-1096
-3971
-4985
-852
-2353
-457
-523
-2274
-410
-2039
-3114
-3111
-4709
-353
-3724
-3827
-2990
-293
-4070
-3026
-4641
-256
-3881
-4554
-3397
-1153
-2453
-3879
-3213
-4066
-4531
203
-4679
-232
-946
208
-3570
-128
-3306
-3428
-1219
-561
-3895
-403
-3273
-4150
-643
-4655
-2297
-241
-4473
-4229
-4352
-3354
-1581
-1427
-4947
-4579
-3759
-53
-2805
-3963
-213
-4304
-1870
-1610
-346
-1745
-4055
-1494
-2557
-3677
-59
-2694
-1860
205
-3243
-153
-4888
-564
-3441
-1818
-2406
416
99
-787
-208
-2868
-1021
83
-3564
-3146
-3105
-2274
-4272
-126
-4323
-2802
-3654
-3222
-4014
33
-182
-4600
-2045
-4130
-3503
-704
-4601
-1566
-3036
-2220
-1725
-2875
-2343
-2151
-1221
-478
-4908
-4269
-886
-1238
-4690
-2467
-4845
-909
-2227
-4045
-2237
-4940
-1171
-796
-2894
-4817
-685
-4839
-4655
-2124
-2112
-222
-1685
-4863
154
-3734
-3575
-1868
-29
-3358
-1859
-1538
-740
-4716
-2733
-2842
-800
-3686
-2566
-3289
-3884
-4984
-306
-1769
-2444
-859
-2534
-2351
32
-835
-1390
-1463
81
-3717
-3774
-3979
-3290
-3113
-4407
-4118
-1919
-3647
-3099
-4069
-222
-2780
126
-3214
167
-583
-2248
-664
-981
-735
-2082
-3879
367
-3788
-1210
-760
-3673
-1845
-2429
-2919
-4847
38
-3974
-2807
-1465
-2357
-299
-2150
-1610
-1647
393
-2549
-806
-4355
345
-600
-1686
-1350
-1652
-3506
-163
-3551
-28
-2937
493
-3755
-610
-1996
-683
241
-2427
-3081
-1817
-4703
370
-505
-3637
-3209
-4998
-3371
-3916
-3943
-4253
-3363
-2267
-3555
-1620
215
124
-1181
-3022
-3247
-606
266
-2495
-3491
-697
-2673
210
143
-2884
-2327
-4101
-4499
-4179
-84
-3745
-1782
-4389
-4830
-1056
-3646
-653
-1074
-366
-4257
328
-2887
-1015
-1301
-2469
-3460
-2552
242
-1275
-1640
-197
-110
-4006
-2185
-4826
-332
-1062
357
-1855
-1418
-260
-3074
-1644
-175
-3928
-566
-4608
-3884
-4667
-2467
-4385
363
-1910
-3751
-3960
356
-896
-525
-4506
-316
-845
-663
-25
-3475
81
-4514
-1634
399
-1735
-517
-3703
-4016
-4974
-1828
-674
-1281
-1065
-2346
-685
-4482
-4549
-1798
-3287
-4563
-2205
-905
-968
-3563
-4259
-3835
-2088
-4341
-211
-4016
-753
-351
-3718
-2092
-3437
-3824
192
-4673
-1596
-1538
-1462
-4562
-3676
-833
-2275
-194
-4810
-3774
-4778
-4597
-4821
-4284
-4494
-4393
-4658
-2428
-3241
-1017
-2135
-4078
-4232
404
-2814
415
-2585
-4603
-1064
-3660
-907
-3421
60
-2859
-4139
-2778
-1918
-2836
-1067
-2421
-4105
-2226
-635
-2303
-3387
-1259
-1265
-2312
-14
-1739
-3048
153
-2717
-3660
-3371
-2801
-624
-1217
-928
-1733
-3915
-2310
-4944
-12
-3957
-3332
-2366
-4941
-4050
-2752
-3095
-1131
-4867
-2341
-112
-4575
-3704
-2566
-3405
-2555
-1272
-2908
-2146
-796
-490
239
-999
-4197
71
-936
-4862
-2394
-4965
-504
-3726
-1865
-4015
-4140
-688
168
-3847
-1941
-152
-4756
-2256
-2771
-1985
-4156
-1358
-933
-2229
-4414
-2408
-2869
-4231
-241
-4530
-2731
-2343
-2929
-59
-1086
-3013
-2559
-1856
-590
-1069
-3454
-3685
-291
-4069
-17
-973
-1034
-1480
255
-2080
-2868
-2689
-4114
-1111
-2115
-1628
-3884
-195
-3405
-3850
-2126
-4865
-1208
-2048
-923
-3730
-4687
-3068
-2419
-2527
-1409
-2078
-3935
-3461
-30
-3345
-2527
-4698
-3497
71
50
254
-2990
-3335
-2357
-4083
-3823
-2033
-4967
-4707
-2297
-429
-3119
-4660
-4812
-607
-1024
-386
-1109
295
-2882
-3081
-2340
-1264
-1140
-3423
-3596
-4852
-4334
-2803
-877
-652
-1956
-2084
-4262
-4812
-2403
-3498
-143
-4673
-3243
-597
-1998
-1377
-3318
-2301
-4936
-3416
-4757
-4701
-3299
-54
-3348
-4098
-4267
-4947
-3783
-3019
-1394
160
-86
-4289
-2110
-500
-3103
-13
-4852
-3508
-1930
-2546
-4715
-1956
-282
-643
-1486
-3586
-2608
175
-3134
-2032
-4806
-1848
-4816
-3689
-821
-2969
-2638
-4985
-778
-1561
-603
-4905
-3027
-808
-1237
-1332
-3743
-2707
-1168
-3255
-1624
-3800
-4107
404
-4017
-3663
-507
-1252
-3825
-2271
-798
-499
-460
-2702
-3255
-3955
-3640
-1209
-3534
-2067
-593
-3
-709
-2880
-3041
-3707
-1891
5
210
-2770
-4732
-1840
-4502
-926
-2851
-1178
-1281
-4700
-3440
-584
-4480
-3405
-3345
-4776
-1060
-2829
-4080
-215
-860
-3203
-3311
-1092
-1964
-4286
-1436
-3354
-81
-2152
-3980
-130
147
-3298
-2037
-1454
-833
-1098
468
-27
-463
-201
-3169
-123
-1613
-3838
-1071
-1043
-4555
-1264
-3594
-645
-3296
-3346
-1796
-1562
-4839
-3606
-4387
-4703
-4207
-4161
-2811
-2906
-2816
-28
-908
-52
-521
355
-1008
479
-1440
-2201
-608
-682
-2934
-2355
92
-1339
-4156
-2580
-4827
-494
-565
-911
-2727
-3918
-3281
-3116
-496
-3055
452
-2312
-2
-4293
-150
-3836
-76
-4641
-3892
-2601
-3275
-3091
-3446
-4773
103
-4665
340
282
-1093
-3784
-2203
-3403
-1653
-3915
-4973
-3167
480
-2198
-1967
262
-4669
-4369
-286
-1498
-4833
-2592
-776
-2419
-1197
-436
-3145
-1338
-1289
-3465
-171
-686
177
-4833
-4356
-2429
-4876
-250
-30
-3977
-3463
-2032
-638
-1407
327
-939
-1396
188
-54
-3300
-4077
-1411
-2217
-4570
-4087
-2952
-2703
-3984
-2162
-4380
-4037
-4813
-3220
-2508
-4722
-1738
-1385
-3409
-2392
-1336
-4750
-3883
-2408
420
-3935
310
-1230
-353
-3873
-1828
-1284
-3484
-202
-652
-2355
-2406
-1812
-4112
-4833
-2779
-1795
-4752
-4008
-941
-2262
-1309
-1810
-562
-4371
-3234
-4402
-672
-1371
-1505
-1232
-3536
-1039
-4616
-346
-1
-2982
-3036
-3754
-1481
-4852
-1493
-2425
419
-4232
-2976
-1882
-3135
-903
-2392
-392
-2188
-603
-4738
-2128
-2526
-4317
-1892
-2808
-1768
-472
228
-1075
-4382
-195
-4184
-3878
-3565
-2895
-4462
-1558
-1782
-1966
-2640
-3487
-4874
-4347
-3367
-1810
-1084
-4681
-4499
-386
-2947
446
-2118
-2188
-4697
-2005
-2711
-4547
-2074
-1571
242
-3867
-375
-3370
-4189
-1020
-3987
-3206
-2853
-593
-241
-1703
-875
-1283
456
-1659
-1543
-1253
-1802
349
-4070
-1088
-4772
-2698
-3795
-2197
-1188
-2988
-3724
-4588
-3843
-1634
-1893
-4099
-2242
-3994
-3353
-2726
-2105
-4397
-4914
-3261
-2383
-679
-550
-145
-1856
-222
-918
-1540
-1972
-242
-4688
-1196
358
-4747
-2313
-4171
-3994
-3183
-2458
-107
-4642
-1582
-1996
-1724
-790
-1712
-1031
-845
-1268
-3818
-396
-1151
-2350
280
-4205
-1931
-2102
-1719
-117
-1115
-4017
-150
-1795
-4187
-4625
-3181
-2466
-3530
-1027
-4476
-4384
-2461
-4780
419
-4476
214
-4116
-3691
-1050
-3061
-4868
-4479
-4182
-2419
-1482
-3433
-475
106
-4603
39
-1844
340
-4899
-1825
-2897
240
286
-2919
-2684
-3740
-1617
-4592
424
-2316
-3263
-4462
-347
-115
-2324
-3288
-4879
-547
-810
184
-377
-1751
-480
-677
-3965
95
-2233
-2156
-2136
-624
-1717
173
110
432
-1528
-619
-2568
-783
-3282
-272
29
-1228
-905
-3922
-2626
-4455
-122
-123
-1390
-1037
-1147
-142
-108
-2574
-2780
-1973
359
-414
73
-2853
134
-3486
-210
-803
-395
-1974
-41
-2729
-2943
101
-4864
-1013
-488
-1162
-1287
-2413
-1142
-3711
-4301
-716
-1521
-3882
-4294
-748
-1682
-2322
-4606
-3204
-3709
-3362
-3373
-2875
-305
-2710
-4340
-3060
-2227
-3271
-3230
-2524
-3211
447
-1817
-2751
-609
-2356
-21
-872
-254
-4192
-628
-2342
-3507
-4894
-1523
-1074
-4129
-3931
-4335
-2809
-3860
-2366
-1565
-4544
-979
-21
-1338
-4588
-2922
417
-2006
-2766
-942
487
-4775
-4963
272
-291
-4637
-405
-4532
-3944
-2838
-1329
-4650
-3955
-3964
-1305
-1278
-2481
-3306
-716
-2568
247
-4455
-4905
-2479
-1488
-3974
-525
-3588
-3399
-1763
-1146
-3945
-1950
-3577
-4739
-4413
208
-2128
-4682
-1089
491
-1173
-403
-273
-4175
-3176
-1427
-3221
-4757
-2591
-4698
-811
-4496
-1998
-752
147
328
-2728
388
-1569
-1289
-4769
-1013
-2340
-4873
-2163
408
71
-1346
-2805
-3838
-389
-2762
-4772
-3760
-3853
450
-841
-4876
-2402
-3270
-4602
-836
449
-4507
-175
-1820
-4666
-4955
-4455
-594
-2712
-3822
-2663
-3895
-1549
-3316
-450
-2415
-2413
-3560
-3203
-277
-4785
-3370
-2589
-2175
-3922
-1854
-252
-4976
-2997
-4403
-3137
-2190
-3248
-1576
-3626
-2728
-4837
-613
-1376
-4815
-1044
-4194
-971
-4520
-4316
-1381
310
-244
-982
-1846
-3473
-226
-2646
-1871
-304
-3209
-3578
108
-699
-1703
-2599
-3742
-2192
-4754
-2841
-3810
-3951
-1476
-4152
-463
-3807
-415
-2856
-4275
465
-683
-4339
-4956
-2211
-4089
-4941
-3166
-4362
-1119
-4288
-911
-860
-385
-367
-2244
-4649
-3636
-649
-4086
-3335
-2712
-3838
-3917
-3642
-3246
-3582
-4132
-1280
-4826
-2289
-143
-1209
-2785
-640
159
-2384
-3307
-1039
-2378
-4644
-2196
-4135
-1784
-3932
-4175
-3787
-4513
-1345
-565
-2234
-2665
-4338
-2757
-4884
-1178
-2401
-3725
-4437
-3727
-1351
-214
-947
-2735
-3694
-3761
-1343
-2455
-1953
-355
-1157
493
-1528
-4228
-1571
-813
-2781
-2949
-1575
-3129
4
-4500
-4729
-313
-2182
-2919
-338
-4624
-4917
-3284
-2117
-4199
-4139
-3854
-103
52
-3881
-277
-3371
-1336
-4786
-2689
-2273
-2922
398
-381
-2549
-3011
-616
46
-1564
-4513
131
185
-597
-3441
-3447
-1440
-914
-208
-2782
-4266
-1264
-1025
478
-3177
-3646
-3253
-2711
-4798
-954
-1233
-4900
-4976
-1727
-1055
-643
-4075
89
-3793
-2096
-4030
-1379
-2065
-4773
-1988
199
-2417
-4116
-3838
-1769
234
-639
-1193
-4758
-2481
-3266
162
-947
-1816
-2051
-1628
-1927
-3401
-4901
-3419
-2436
-2173
-4860
-4982
-847
110
-417
-1161
-2781
178
-2167
-2795
-1707
-2516
-3942
-2066
-853
-1198
130
-3083
133
-1568
-1385
-2242
-1330
-4706
-3360
-4229
-3752
-1693
-1234
-506
-4000
-3883
-3483
-3024
76
-324
435
-4943
-4527
-1247
-3623
-1739
-3892
-913
-4221
-3720
-2046
-42
-4224
-1580
-2369
-4246
-2777
-2141
-4617
-230
34
-74
-4202
-1166
-4419
-3079
-2362
-2182
-2391
-3411
-3551
-3241
-3127
-3273
-3345
-3517
-795
-4347
-2234
-3846
-3040
-4760
-4861
-4288
-4675
-1252
3
-120
177
-160
230
-805
-3625
-1872
-2701
-747
428
-579
-3482
-432
245
-3014
-1788
-610
-1061
-3188
-4508
-1727
-80
61
-41
-3936
-3647
-1993
-4378
-25
-335
-2088
-1066
-677
-3524
-2006
-1399
-3238
-2743
-3003
-1903
-3429
-4969
-2602
255
-3773
-909
-3915
-3780
-1027
-1443
87
-722
-2967
-2278
-2183
-2172
-3941
-2744
-3219
-3828
-310
-3585
-238
-3833
-1412
-388
-497
-3644
-1902
-1120
-534
-1695
-3118
-2483
-3370
78
-1253
-1151
-4649
-4090
-46
109
-1599
-757
-3205
-2125
-1747
-249
-1952
-141
-2441
-3317
-1842
-3699
-1128
-4574
-4509
-91
-3270
-580
-3518
-1382
65
-1924
-692
-547
-2548
-24
-3257
-2021
-508
-2555
-375
-1690
-4111
-3218
-4443
-4140
-2147
-2413
-1572
-3121
-1141
-4714
-3862
-771
-506
-957
-4016
-544
-238
-1635
-963
-214
-4164
-960
-2119
-3517
127
-1641
-2241
-2449
-4659
-2551
-2495
-3652
-4820
-3043
-3889
-1729
-2144
-2945
-1789
-1220
-559
-2691
414
-3631
-1031
-3098
-1845
-4825
-1360
-1194
-3816
-4839
-1631
-2156
-3630
-2960
-3149
-1562
-2919
-2905
-3951
-583
-1231
-4679
-1680
-1015
-2180
-1837
-4843
-4502
-383
368
-3212
-3477
355
46
-4977
285
-2328
-1124
-1715
-976
-4789
-732
-3990
-757
-2124
-3700
-2116
-2094
-156
-4991
-1706
-4601
-1170
-3846
-2560
-626
-1251
-729
-567
-3468
-2884
-3021
-2090
-4616
-3585
-4738
-4813
-2859
-2149
-4676
-2307
-440
-4381
-3671
-3965
-117
482
-3678
-2746
-2744
-2769
-2639
-2622
-2940
-4206
-1051
-2577
-986
-1410
-4859
-1318
-4592
-4611
-1793
-441
-4207
-2174
-657
-2262
-4768
-2354
-1547
-3833
-4545
-3920
-3072
-1993
-482
-4110
-3170
-2540
-2106
-1922
-852
-4282
-709
-2001
-3676
105
-1874
-4700
-3926
-4826
292
-1368
-1473
-4437
-1909
-1419
-1151
-1312
-2384
-1206
-3274
-825
-4274
-3713
-973
-3665
-3250
-1842
-1959
-1121
-2271
-4075
-4803
-3557
-1164
-2280
291
-2299
-1099
52
-1654
-3433
-996
-972
-853
-32
216
-4528
-492
-1810
-1944
-2923
-3782
-4472
-3174
-3099
-400
-4650
-1999
254
-144
-1217
-3994
-3815
-1910
-3724
299
-3842
-561
-2881
-639
-3128
-1568
2
-3123
-4847
-833
-1789
-450
-2289
-1756
171
-3763
-3413
-3488
-1484
-558
-3739
-2028
-2133
-3092
123
-4307
-697
-764
-2242
-232
-4300
-4767
-2514
-1529
-139
394
-3919
-3334
-2420
-4875
-1597
-1982
10
-1155
-1531
-911
-1350
-1148
-4689
-1649
-2006
-200
-2239
-737
200
-3399
-2092
-3103
-1477
-2168
-2637
-2328
-1270
-1958
-3793
-2010
-922
-407
-4701
249
-96
-1
-1457
-4824
-1880
-2898
-4142
-4564
-1254
-331
-2168
-4831
-2967
-2204
-3749
-2673
-213
237
457
-4560
-20
-3644
-3772
-1705
-4238
-2972
65
-4008
-4475
-1876
-317
-4997
-4382
-4379
469
-1503
-1470
-2965
-590
-3437
-1681
-2688
-622
-896
-905
-3844
-3014
-2743
457
-1400
343
-4172
-2737
-3624
-4800
-2484
-4618
-4307
-349
-4465
-4980
-3625
-1259
-3268
-4793
-4754
-4844
-4872
-543
-1230
-3682
-352
-4943
-3258
-3421
-3158
-1928
-4511
-3217
-92
-2319
-4267
-3271
-2252
-1324
-1189
-4565
-4973
-3062
-185
-1636
-2538
-386
-2130
-2940
-778
-1305
473
-23
-1017
-1952
-3641
-3459
-4452
-3573
-3397
307
-336
-4109
-4767
-3127
-1200
-1478
-2728
-3651
-273
-3709
-3449
-3017
-2529
-3460
-1016
-4710
-2579
353
-3715
-4548
-550
-421
-3282
-3310
-3973
-1771
-4406
-1520
-1069
-2945
-2932
-3180
90
-3367
-1929
12
-1144
-1158
-1896
-827
-1791
-3368
-1050
-1808
-1474
-4520
-38
-4791
-3355
-1074
-1277
-2895
-2966
-4801
-3975
-3276
-4555
-1576
-4802
-3529
-1147
-1278
-1114
-2918
-4393
-4617
-3470
-2612
-2037
-37
-841
-778
-2178
-589
-2939
-3286
-870
-4358
-4177
-4054
-2144
-2234
-1226
-756
-4048
-4221
-1438
-755
-366
-2150
-1284
-2800
-1339
-1634
-1812
136
-741
-248
-1162
-4404
-2322
-2368
-4182
-2980
191
-4702
-2568
-218
-1171
-2647
-2519
-4499
379
-568
-823
-1836
-2514
-1902
-3955
234
433
-1039
-1265
-2474
-982
-149
-4683
-1442
138
-4729
385
-4568
380
-2411
68
-723
450
-2980
-1099
-4114
-4662
-184
-565
-762
-594
-1078
-1807
-3494
-4663
-3109
-1100
-1818
-3712
-35
-4026
-2187
-3199
-3496
-2802
-742
-2054
-2967
-380
-1112
-19
-1580
-1070
-4793
-2314
-3728
-1640
-722
-3432
368
-671
-1243
-3070
-4006
-1749
-4934
-1363
-4134
-924
130
-1476
427
-4485
-3609
-82
-1404
-4017
-4594
-858
-785
-591
-1621
-1054
-1497
92
-440
-2102
-2350
-1123
-3516
-1501
-1330
-948
-3638
-4515
161
-4316
-4482
-1014
-3428
-2456
-2736
-488
-707
-432
-3284
-1622
-233
-2935
-4025
-4459
-3549
-4333
-2923
238
-4678
-953
-504
-4839
447
-4065
-1076
-2669
-2418
312
-3002
-3350
-498
-3937
375
189
300
-1753
172
-4252
-20
-2952
-334
-2028
-2780
-1378
-2849
-1766
-764
-3386
-3201
-1228
-312
110
-1412
-4273
-384
375
-3260
-2102
-2815
-619
-2114
-3157
-3909
-1166
-641
-1896
-3042
-3696
-4783
-4263
-3782
-231
-4807
-4470
-3946
-4111
-4871
-1477
-3744
-1247
-2954
-547
-3304
303
-1488
-3443
-2648
-885
-3203
-669
-4988
-1122
-508
-1606
-3617
-1473
-4788
-1488
-2775
-3810
-4180
467
-192
-2850
-3737
-92
-4468
-1894
-2770
-206
30
-158
-3236
-4206
-4495
-2821
-2319
-3788
-1286
112
-1054
-3700
-303
-2923
-3326
-1826
103
-3068
51
-2713
-28
-4795
-1124
-2536
-1087
-1543
-4640
117
-3723
-2475
-3498
-707
-2785
-2242
-2170
-1046
-1050
-812
-1787
-2931
-789
-1008
-4420
-1157
-41
-3118
-4378
-3210
-2609
-230
-116
-4443
-4369
-4965
-2201
-1886
-30
-593
-892
-3005
-792
-2936
-4025
-1714
469
-1420
-1895
-246
-3338
-4190
-581
-450
-4040
-1563
-438
-3523
-4560
488
-3395
-4217
-2639
-1594
-1604
-2603
-3490
-4432
-3850
37
176
-3525
-4459
459
-948
-3321
-4208
-4467
-1203
-3204
340
-2400
468
-606
415
-3874
-1726
-4147
-1952
-2826
-1021
-2485
-2460
-3448
-4422
-2338
-4624
-3097
-2229
-2082
-3186
-1197
-1254
-2411
-1384
-4241
-2989
97
-1116
-1751
-4458
-888
53
-475
-1715
-16
-3522
-1262
-1275
-763
-2552
-1468
-4202
-3541
-837
-1405
-2340
-4220
-15
-2739
-3711
-109
275
-3255
-2182
-1114
-708
-2825
-2294
-2686
-584
179
128
-2661
-2050
-999
-4326
-1829
-2853
-829
-3966
-3725
-1610
-4314
-639
-1046
-3725
-4961
-3357
-1298
-2102
185
497
-703
-2587
-3433
-4313
-2204
-1915
-3801
-1514
-986
-4201
-3836
-385
-716
35
-4433
-551
-840
-1257
-1659
166
-3290
-2165
-3286
-2784
-2911
-3174
-2116
-2171
-2184
-3528
-347
-4319
-43
-612
-4295
-1313
-712
-1783
-1389
-4222
-238
-454
-93
-2604
-4462
-2529
-2280
-3680
-3870
-799
-4464
-4108
-2206
-3178
-1275
-172
-4102
487
-1992
-217
-4209
-4873
-906
-4498
-3262
-788
-4177
-833
-1933
-3481
-3630
-2055
-3779
-2002
-4635
-2182
-2663
294
-4476
-1814
-2979
-376
-353
-4035
-2230
235
-2319
-1686
-1164
-215
-1510
-3023
-2668
-3103
312
-3543
-4960
-4609
-3964
222
-3592
-1824
-152
-4547
-1026
-4020
-131
162
-3683
-2183
-2389
-1963
-4877
-1040
143
-3444
-1783
-1117
-326
-340
-382
309
-3222
425
-2535
-2937
-4315
-4584
-3082
-3727
-3858
-4929
-2878
-4649
-394
-928
-4942
-2077
-4375
-2163
-2852
-3966
-44
292
-2358
-3040
-1555
334
-3195
-1452
-3112
344
131
-3694
336
-4994
-3671
-1683
-1162
-4819
-4145
-3407
-2514
-4667
-4016
-2434
-1360
-647
-1291
-4987
-632
-4306
-1865
-4567
413
-528
135
-3696
438
-1820
-1226
366
-4540
-3510
-1930
-2353
-3102
-2977
297
-4912
422
-2261
-3494
-4209
-619
-4459
-1423
-2926
-1491
-2396
-3894
-3336
-4016
-4241
-229
-4943
-1781
99
-1462
-900
21
-4333
-1659
-2254
-3151
-2424
-1724
-2960
-380
-11
-3148
-2923
105
-369
-3767
-3012
-3372
-1197
-2212
-4397
-1357
-2722
-224
-4633
-988
-1054
-1293
-1896
427
-4267
-4618
-1588
-988
-1244
-4960
197
-326
-3908
-843
-3153
-844
-916
-1040
-4864
-1065
-4835
-2040
-1339
-1962
-4147
-2420
-4013
160
-390
-1515
241
-3539
-811
-3354
-3080
137
-1967
131
-4237
18
-1367
-4736
-3972
-33
-2534
-1640
-863
-2058
-216
-2799
-1035
-967
-4535
-4319
-1473
-4195
-2234
-2456
-45
-3951
-4972
-1240
-4579
-4633
-2615
-419
-3900
-2195
-3405
-3370
-1475
-1838
-4169
-2919
-53
-3258
139
-4553
-3308
-2638
-1091
-2549
216
316
-1755
-369
-4330
-4721
-4341
-4285
-979
-3376
-1127
-2019
-4693
-2576
-4408
-895
73
-851
-347
-3032
322
-1021
-1827
-3946
-4365
-359
-4516
-3013
-661
-2633
-1213
462
-1808
-1872
-2608
-3889
-890
-1412
-4158
132
-2673
-3042
-2800
-4915
-4776
-1470
-4702
-3616
-1744
-4681
-3831
-1325
-4867
-635
-1848
-4677
488
-2101
488
-3732
-4761
-409
-3451
-2539
-4032
-3772
-3947
-3223
-2210
-203
-2588
-3784
110
-1614
-461
-203
-2572
-4819
-2446
-3246
-1391
66
-4588
-4318
-864
-2455
-2472
-3776
-1619
-3309
-1626
-803
-2475
-2281
49
-1979
-873
-2520
-543
-2480
-456
-4359
-4181
-4634
-4050
-1825
-4669
-3977
-3481
326
-1018
-3465
-1097
-3137
-3431
49
-3646
-2759
-110
-1320
-2098
-222
-3066
-2142
108
-335
-3691
-3083
-4279
-4368
-568
-2270
-2339
-4325
385
-3315
-3767
-3558
-841
-528
-3750
-1163
-2742
-963
-3994
-2027
-994
-1289
-1614
-1956
-2554
-509
-940
-197
-75
-3078
-4318
-3214
-4877
-2527
-2922
-49
-750
-1750
-711
-87
-1292
-1216
-2225
-4042
-3497
-441
-3765
-2137
-1552
-4807
-2198
-4070
-392
-2270
-1933
-2119
-3464
-1330
51
-3516
-4405
-2987
-211
317
-669
-3689
-3759
-2108
-3824
-139
-2806
-96
-3679
497
-1655
-3220
-1079
-2182
-1300
-2317
-301
-1008
-2759
-2148
-4900
-3461
-445
-2438
-744
-4014
-1144
-2802
-697
-1404
-82
-751
-4704
-1911
-4243
-1502
-2812
265
-923
-4330
-3950
-397
-2369
-1797
-4287
-4526
-3931
-3331
-2785
-3132
-1650
-4497
-2119
-2345
-4418
-3755
-4905
19
-3521
-3523
-4240
-3696
-1925
-3320
194
-3956
-2031
-3677
-3681
-156
-447
-611
-2698
-2651
-2818
-4708
-1045
-2026
-2055
-4836
-2015
-1527
100
-4231
-1369
-2428
-255
-2704
-173
-2859
-3336
-4869
-89
-720
-2195
-902
-3290
-1566
-3714
-592
-2412
-4051
